4294
4165
4057
3974
3914
3871
3844
3849
3877
3945
4156
4430
5009
5583
6151
6354
6354
6276
6202
6069
6011
5909
5843
5735
5663
5618
5557
5480
5412
5362
5378
5493
5641
5826
6086
6407
6457
6396
6327
6258
6162
5996
5741
5477
5121
4783
4604
4399
4214
4091
3982
3895
3838
3796
3762
3742
3760
3844
4037
4341
4898
5500
6064
6328
6318
6215
6143
6023
5917
5823
5729
5631
5529
5498
5494
5441
5399
5345
5390
5542
5697
5922
6221
6434
6484
6456
6375
6343
6281
6139
5899
5626
5269
4898
4701
4481
4298
4169
4049
3962
3906
3858
3841
3836
3876
3952
4099
4407
4967
5574
6154
6343
6311
6247
6168
6063
5988
5879
5743
5655
5570
5492
5449
5381
5336
5313
5376
5491
5620
5791
6072
6388
6432
6397
6362
6359
6326
6248
6089
5808
5464
5099
4893
4657
4462
4345
4218
4129
4060
4012
3986
3998
4046
4138
4366
4647
5212
5821
6335
6444
6439
6354
6355
6233
6110
5999
5923
5775
5604
5507
5450
5357
5267
5213
5204
5289
5366
5513
5781
6209
6339
6339
6290
6243
6108
6000
5813
5594
5324
5054
4912
4684
4464
4331
4203
4095
4014
3964
3920
3892
3900
3937
4043
4165
4412
4681
4962
5291
5580
5759
5805
5750
5636
5467
5307
5171
5037
4917
4839
4750
4685
4659
4676
4731
4842
5035
5386
5885
6098
6070
5935
5763
5613
5468
5318
5133
4926
4743
4640
4426
4234
4097
3962
3870
3799
3753
3723
3691
3680
3687
3758
3849
4029
4204
4398
4633
4918
5159
5300
5362
5368
5305
5260
5178
5144
5066
4976
4879
4833
4847
4902
4987
5136
5328
5628
5947
6059
6023
5889
5733
5563
5363
5154
4876
4576
4310
4198
4038
3906
3795
3703
3624
3570
3535
3525
3525
3578
3663
3838
4124
4671
5218
5773
6042
6040
5929
5805
5667
5545
5430
5311
5220
5142
5078
5042
4971
4928
4901
4899
4999
5096
5240
5454
5869
6043
6050
5922
5774
5616
5423
5215
4959
4698
4419
4273
4090
3940
3837
3673
3600
3557
3528
3516
3528
3572
3651
3853
4130
4636
5150
5697
5995
5994
5892
5782
5644
5505
5495
5426
5376
5307
5246
5236
5197
5181
5206
5270
5412
5527
5713
5975
6264
6305
6274
6155
6019
5808
5600
5384
5120
4816
4515
4328
4123
3943
3826
3720
3635
3562
3516
3502
3493
3533
3597
3780
4067
4574
5083
5623
5925
5973
5893
5796
5690
5613
5593
5543
5526
5493
5471
5477
5439
5408
5384
5426
5543
5657
5811
5984
6179
6247
6253
6135
5978
5773
5596
5371
5091
4803
4521
4352
4157
3982
3873
3764
3680
3621
3576
3555
3546
3585
3650
3855
4129
4638
5184
5692
5971
5972
5907
5785
5678
5555
5440
5357
5309
5230
5167
5137
5062
5019
5015
5052
5164
5278
5392
5597
5994
6242
6290
6203
6075
5913
5720
5500
5248
4969
4679
4497
4286
4076
3974
3845
3758
3688
3643
3638
3640
3676
3763
3942
4223
4746
5311
5864
6152
6177
6063
5935
5754
5622
5517
5418
5314
5217
5137
5101
5037
4963
4921
4927
4968
5049
5158
5328
5718
5996
6032
5904
5763
5599
5429
5246
5042
4826
4586
4439
4259
4054
3921
3830
3698
3631
3555
3508
3491
3501
3516
3623
3758
3970
4171
4408
4666
4880
5062
5136
5137
5067
4996
4921
4865
4764
4693
4639
4571
4462
4453
4463
4491
4521
4676
4898
5274
5492
5458
5319
5131
4983
4840
4695
4539
4374
4209
4144
4001
3846
3729
3621
3526
3461
3406
3384
3368
3381
3391
3468
3579
3757
3922
4095
4285
4529
4759
4852
4894
4872
4818
4769
4727
4665
4592
4527
4450
4412
4424
4485
4607
4762
5012
5348
5694
5806
5774
5642
5483
5328
5154
4949
4706
4455
4219
4118
3937
3787
3695
3613
3531
3487
3447
3434
3433
3482
3549
3766
4071
4637
5211
5772
6055
6058
5955
5896
5807
5712
5663
5637
5595
5567
5525
5507
5475
5423
5380
5429
5551
5651
5779
5954
6250
6382
6368
6297
6251
6191
6023
5829
5525
5159
4815
4630
4424
4248
4117
4003
3901
3832
3792
3785
3786
3825
3896
4111
4433
5009
5642
6147
6345
6316
6192
6069
5956
5860
5741
5595
5537
5430
5353
5286
5203
5157
5134
5155
5260
5367
5519
5729
6175
6382
6349
6304
6233
6092
5897
5721
5472
5107
4764
4586
4389
4205
4071
3974
3913
3841
3798
3771
3783
3820
3898
4107
4414
4977
5584
6101
6288
6265
6144
5983
5829
5644
5555
5470
5367
5290
5238
5192
5112
5074
5060
5089
5163
5258
5378
5595
5978
6257
6300
6217
6079
5891
5699
5482
5209
4903
4599
4422
4220
4045
3924
3797
3717
3649
3601
3568
3569
3617
3693
3890
4172
4658
5207
5710
5976
5947
5807
5654
5513
5398
5338
5301
5259
5212
5175
5150
5105
5105
5086
5124
5221
5352
5505
5680
5971
6115
6113
6002
5865
5698
5487
5259
5010
4717
4433
4292
4097
3905
3791
3692
3613
3549
3517
3492
3506
3549
3638
3813
4092
4611
5178
5718
5974
5982
5845
5703
5567
5476
5396
5289
5185
5103
5027
5016
4938
4868
4830
4855
4928
5018
5123
5291
5595
5817
5814
5709
5582
5414
5259
5091
4879
4645
4407
4284
4107
3948
3820
3704
3611
3532
3476
3454
3454
3473
3507
3624
3757
3979
4204
4474
4744
4960
5121
5223
5259
5194
5128
5063
4981
4889
4842
4835
4806
4748
4731
4759
4841
4978
5175
5399
5664
5822
5777
5626
5455
5299
5196
5063
4883
4677
4481
4416
4241
4049
3882
3730
3600
3510
3453
3416
3393
3402
3390
3477
3593
3775
3946
4131
4333
4596
4838
5012
5100
5121
5077
5025
4984
4944
4872
4807
4717
4682
4689
4742
4816
4930
5131
5356
5685
5942
5984
5852
5695
5538
5354
5149
4877
4582
4294
4164
3995
3850
3746
3647
3574
3534
3500
3495
3488
3529
3618
3841
4149
4710
5322
5887
6158
6187
6090
5985
5821
5686
5597
5504
5415
5319
5268
5232
5204
5155
5134
5160
5281
5382
5499
5697
6041
6276
6291
6264
6146
6041
5862
5612
5342
5016
4717
4560
4358
4175
4065
3963
3883
3829
3794
3766
3770
3840
3932
4148
4476
5085
5725
6199
6314
6243
6183
6058
5920
5757
5656
5506
5398
5306
5234
5183
5112
5076
5060
5086
5190
5291
5422
5617
6000
6323
6382
6314
6249
6129
5962
5749
5472
5178
4874
4682
4478
4309
4189
4089
4019
3952
3912
3912
3923
3972
4063
4301
4654
5263
5903
6376
6471
6424
6327
6213
6041
5778
5622
5504
5387
5244
5159
5127
5058
4999
4955
4993
5083
5182
5310
5476
5834
6188
6286
6236
6150
6007
5847
5607
5343
5058
4754
4575
4367
4198
4083
3963
3884
3827
3801
3785
3798
3860
3948
4181
4505
5057
5670
6180
6332
6312
6140
5983
5771
5552
5424
5308
5226
5154
5085
5054
4995
4951
4941
4989
5052
5149
5279
5416
5754
6069
6154
6108
6009
5901
5741
5532
5277
4961
4685
4523
4332
4154
4030
3911
3833
3778
3735
3710
3721
3748
3837
4074
4394
4954
5525
6053
6296
6219
6055
5858
5647
5463
5341
5258
5201
5109
5015
4990
4807
4912
4877
4898
4954
5027
5130
5261
5513
5807
5869
5766
5640
5495
5354
5170
4964
4738
4513
4402
4232
4062
3935
3830
3744
3676
3617
3584
3564
3586
3624
3754
3915
4130
4356
4601
4828
5043
5175
5225
5189
5088
5028
4935
4849
4786
4702
4651
4578
4540
4533
4563
4631
4720
4889
5121
5385
5638
5656
5520
5307
5128
5025
4868
4702
4579
4402
4284
4096
3912
3791
3670
3586
3525
3483
3453
3432
3437
3449
3542
3655
3861
4021
4191
4423
4630
4800
4939
4969
4927
4827
4745
4683
4632
4570
4538
4485
4465
4496
4576
4667
4786
4942
5204
5547
5765
5799
5687
5544
5371
5185
4979
4717
4472
4216
4087
3918
3765
3657
3567
3492
3432
3394
3384
3382
3424
3515
3750
4053
4597
5155
5633
5863
5857
5736
5613
5497
5388
5340
5280
5246
5206
5153
5127
5104
5077
5071
5137
5274
5402
5557
5665
5858
6058
6082
5948
5739
5569
5375
5137
4879
4583
4303
4148
3995
3836
3749
3652
3574
3509
3466
3451
3461
3479
3565
3780
4105
4648
5174
5637
5845
5793
5645
5524
5369
5209
5175
5128
5049
4985
4956
4962
4927
4909
4911
4954
5023
5092
5175
5298
5581
5892
6002
5872
5720
5533
5351
5177
4932
4664
4400
4254
4067
3916
3812
3716
3639
3584
3543
3526
3526
3571
3653
3897
4211
4753
5276
5771
6049
6057
5955
5848
5710
5624
5569
5364
5273
5326
5295
5290
5220
5186
5157
5205
5287
5377
5499
5679
5934
6087
6175
6029
5876
5710
5527
5304
5047
4754
4450
4277
4087
3921
3811
3713
3637
3574
3526
3499
3510
3542
3617
3833
4143
4666
5187
5679
5948
5909
5771
5617
5541
5397
5409
5354
5302
5240
5192
5186
5142
5122
5113
5168
5254
5345
5450
5581
5823
6048
6144
5987
5820
5702
5537
5319
5049
4758
4509
4375
4190
4012
3894
3787
3721
3660
3616
3598
3588
3629
3709
3935
4233
4764
5311
5799
6029
6017
5935
5832
5706
5603
5560
5473
5408
5334
5288
5268
5217
5176
5162
5193
5254
5314
5430
5579
5809
5997
6038
5920
5759
5606
5446
5253
5039
4803
4587
4475
4291
4109
3986
3887
3802
3721
3663
3638
3621
3643
3676
3791
3941
4177
4389
4599
4878
5150
5374
5525
5558
5495
5464
5387
5297
5211
5130
5054
4966
4907
4889
4891
4943
5032
5183
5372
5629
5790
5795
5691
5541
5397
5251
5082
4888
4666
4456
4361
4201
4045
3902
3786
3678
3601
3551
3536
3518
3538
3571
3652
3756
3975
4134
4325
4590
4877
5109
5262
5299
5269
5174
5098
5010
4946
4861
4783
4705
4642
4646
4687
4732
4832
4989
5190
5454
5746
5900
5810
5683
5548
5378
5176
4953
4681
4416
4285
4102
3942
3846
3773
3706
3655
3615
3600
3608
3663
3758
3999
4316
4848
5359
5888
6120
6105
5992
5845
5685
5563
5499
5446
5360
5286
5230
5173
5096
5046
5015
5037
5128
5222
5337
5498
5798
6124
6268
6186
6005
5868
5657
5446
5207
4897
4589
4409
4206
4036
3918
3823
3753
3692
3658
3642
3634
3676
3779
4017
4335
4889
5434
5938
6143
6115
5957
5769
5606
5459
5391
5297
5212
5164
5138
5123
5081
5046
5064
5115
5223
5338
5513
5727
5950
6141
6212
6067
5897
5711
5504
5295
5006
4695
4415
4258
4070
3912
3820
3699
3621
3560
3518
3492
3495
3526
3589
3822
4109
4645
5131
5553
5797
5749
5628
5525
5397
5321
5266
5211
5176
5068
5061
5027
4973
4940
4935
4982
5102
5177
5299
5410
5608
5881
6044
5920
5757
5575
5380
5158
4904
4633
4352
4201
4025
3861
3736
3627
3544
3490
3450
3435
3454
3499
3570
3808
4096
4607
5145
5644
5878
5868
5738
5582
5446
5353
5276
5184
5116
5038
4992
4979
4928
4891
4878
4920
5023
5127
5258
5416
5687
5963
6149
6049
5904
5738
5545
5316
5062
4783
4489
4320
4116
3944
3826
3736
3670
3632
3608
3586
3587
3631
3724
3956
4271
4807
5333
5844
6063
6056
5944
5747
5559
5405
5363
5262
5226
5163
5103
5084
5035
4977
4929
4955
5025
5074
5177
5292
5472
5691
5870
5755
5611
5460
5306
5130
4956
4703
4454
4330
4142
3964
3836
3728
3627
3562
3517
3491
3469
3489
3552
3694
3846
4083
4259
4477
4769
5056
5262
5371
5433
5419
5319
5242
5158
5023
4912
4849
4744
4683
4662
4690
4732
4797
4915
5114
5461
5685
5778
5703
5506
5350
5195
5028
4906
4722
4507
4371
4179
4026
3928
3804
3678
3613
3571
3559
3544
3560
3566
3671
3812
3994
4154
4372
4638
4909
5121
5222
5294
5296
5199
5134
5053
4946
4877
4863
4806
4794
4812
4864
4967
5112
5303
5603
5856
6114
6225
6124
5945
5785
5590
5354
5004
4696
4454
4291
4117
3973
3863
3766
3685
3632
3588
3581
3578
3632
3725
3963
4301
4904
5477
6017
6222
6208
6163
6069
5916
5793
5706
5584
5571
5485
5418
5393
5318
5287
5284
5382
5549
5646
5753
5937
6165
6305
6384
6307
6263
6169
6015
5761
5474
5128
4769
4582
4352
4164
4040
3929
3852
3796
3752
3705
3707
3761
3851
4114
4454
5064
5639
6116
6300
6242
6128
5977
5798
5678
5579
5482
5417
5333
5284
5231
5196
5141
5150
5205
5338
5445
5605
5791
6056
6286
6406
6286
6171
5981
5774
5559
5273
4953
4623
4438
4232
4076
3966
3870
3781
3726
3680
3660
3662
3695
3781
3990
4318
4860
5398
5877
6039
5955
5838
5677
5504
5363
5275
5191
5131
5022
4960
4930
4895
4882
4873
4904
4987
5099
5247
5448
5693
5879
5993
5885
5760
5582
5369
5141
4915
4658
4372
4211
4022
3865
3789
3711
3622
3567
3528
3511
3508
3530
3608
3837
4145
4655
5130
5554
5721
5712
5618
5486
5325
5199
5133
4946
4887
4914
4951
4871
4867
4878
4895
4947
5049
5165
5242
5355
5538
5694
5850
5749
5580
5409
5221
4995
4749
4477
4247
4107
3927
3770
3653
3559
3474
3416
3378
3355
3341
3385
3452
3675
3968
4409
4866
5326
5558
5531
5426
5319
5223
5140
5079
5019
4970
4918
4882
4883
4833
4792
4775
4786
4842
4881
4928
4980
5092
5223
5380
5291
5127
4951
4792
4630
4488
4304
4111
4009
3847
3694
3577
3472
3372
3301
3264
3244
3229
3269
3325
3453
3596
3798
3973
4205
4448
4670
4836
4936
4950
4889
4798
4675
4578
4517
4459
4396
4325
4289
4279
4317
4370
4442
4554
4686
4866
5088
5290
5222
5044
4868
4743
4605
4529
4381
4211
4125
3955
3794
3634
3512
3443
3372
3326
3306
3286
3300
3315
3422
3551
3732
3864
4058
4283
4534
4712
4821
4818
4793
4720
4661
4589
4542
4468
4417
4356
4334
4348
4399
4464
4550
4722
4909
5175
5412
5531
5448
5292
5148
4962
4774
4568
4299
4060
3945
3782
3657
3571
3483
3428
3401
3382
3375
3382
3421
3503
3738
4073
4635
5177
5677
5986
6000
5913
5820
5716
5589
5593
5488
5449
5406
5355
5370
5350
5306
5275
5309
5420
5588
5808
6011
6213
6319
6448
6329
6170
5993
5760
5493
5200
4842
4496
4331
4139
3971
3866
3758
3678
3607
3573
3560
3562
3612
3707
3949
4273
4801
5364
5869
6065
6048
5900
5711
5556
5435
5344
5270
5213
5154
5094
5080
5026
4987
4961
4994
5112
5190
5309
5453
5645
5867
6098
6033
5894
5736
5547
5322
5064
4758
4479
4311
4106
3953
3843
3723
3642
3587
3582
3575
3593
3639
3702
3960
4305
4834
5401
5901
6112
6046
5870
5686
5507
5397
5313
5230
5161
5089
5010
4957
4898
4870
4854
4873
4967
5032
5116
5224
5395
5604
5858
5814
5676
5526
5353
5157
4920
4652
4396
4116
4049
3896
3782
3679
3599
3536
3482
3464
3468
3526
3615
3855
4175
4674
5189
5698
5975
5973
5827
5695
5535
5351
5319
5240
5223
5171
5157
5135
5093
5075
5066
5098
5209
5317
5432
5536
5682
5835
6028
5975
5829
5691
5510
5286
5020
4740
4456
4306
4113
3955
3825
3716
3630
3580
3549
3534
3543
3587
3661
3888
4211
4688
5189
5689
5985
6014
5882
5749
5593
5471
5361
5270
5168
5096
5054
5037
4987
4933
4890
4906
4972
5021
5079
5156
5298
5447
5736
5689
5542
5375
5213
5032
4827
4603
4407
4280
4109
3969
3842
3697
3594
3525
3490
3456
3445
3470
3526
3653
3826
4022
4217
4440
4636
4839
4959
4987
4944
4872
4746
4648
4554
4461
4391
4327
4270
4235
4238
4276
4314
4374
4492
4642
4793
4987
5181
5117
4974
4810
4694
4572
4419
4261
4093
4035
3907
3727
3588
3468
3367
3285
3266
3259
3280
3359
3448
3581
3694
3834
3996
4212
4425
4556
4627
4684
4657
4612
4556
4512
4446
4381
4330
4307
4281
4307
4323
4373
4465
4558
4661
4744
4839
4929
5048
4982
4823
4647
4439
4209
3983
3827
3669
0
0
3542
3426
3337
3263
3211
3174
3162
3153
3191
3266
3460
3727
4152
4624
5088
5363
5463
5410
5290
5205
5164
5123
5100
5047
4994
4966
4959
4933
4924
4932
4949
5029
5079
5150
5239
5361
5371
5384
5355
5354
5252
5096
4918
4701
4422
4165
3995
3814
3669
3536
3441
3363
3310
3248
3265
3239
3267
3344
3548
3805
4230
4701
5228
5531
5598
5459
5358
5248
5124
5137
5095
5067
5029
5015
5003
4969
4947
4958
5023
5164
5256
5371
5489
5577
5566
5576
5529
5520
5408
5257
5074
4879
4598
4325
4161
3963
3782
3645
3528
3446
3404
3380
3353
3340
3374
3455
3685
3935
4370
4895
5432
5744
5801
5699
5567
5450
5338
5255
5231
5185
5095
5054
5026
4985
4947
4929
4963
5022
5018
5066
5103
5166
5155
5219
5265
5397
5357
5251
5085
4880
4600
4328
4147
3958
3790
3667
3566
3480
3417
3381
3344
3352
3400
3463
3667
3943
4392
4902
5442
5788
5860
5749
5613
5465
5348
5274
5205
5142
5073
5027
5014
4972
4931
4923
4933
5021
5064
5094
5123
5178
5180
5235
5268
5403
5386
5277
5096
4901
4627
4356
4189
3988
3818
3696
3584
3508
3445
3408
3373
3355
3378
3470
3672
3917
4374
4874
5397
5730
5865
5766
5668
5549
5447
5361
5266
5197
5104
5044
4979
4935
4883
4856
4851
4891
4911
4930
4961
5007
5007
5092
5117
5173
5130
5002
4852
4671
4462
4245
4109
3915
3741
3621
3545
3456
3368
3336
3325
3306
3321
3354
3499
3651
3845
4028
4211
4445
4652
4838
4952
4977
4936
4846
4760
4679
4583
4501
4436
4366
4321
4286
4288
4302
4337
4395
4472
4545
4571
4641
4686
4806
4807
4723
4584
4442
4259
4104
4001
3848
3691
3596
3510
3431
3372
3325
3293
3291
3295
3325
3415
3531
3679
3816
3970
4177
4440
4644
4815
4917
4955
4945
4953
4876
4788
4733
4618
4538
4520
4507
4517
4543
4635
4751
4902
5031
5089
5150
5218
5296
5257
5175
5026
4826
4552
4284
4113
3915
3761
3643
3540
3461
3416
3374
3354
3370
3406
3477
3649
3920
4371
4836
5244
5507
5682
5723
5660
5540
5413
5311
5261
5218
5159
5106
5072
5013
4989
4979
4988
5016
5036
5106
5161
5276
5284
5315
5350
5432
5378
5235
5038
4819
4626
4326
4129
3933
3763
3629
3514
3441
3397
3380
3366
3360
3400
3462
3665
3920
4382
4846
5252
5519
5631
5609
5476
5356
5202
5189
5128
5070
5001
4955
4928
4881
4857
4857
4871
4898
4922
4964
5005
5060
5054
5090
5104
5215
5216
5102
4924
4724
4476
4201
4030
3845
3669
3572
3479
3405
3320
3285
3271
3274
3327
3399
3575
3831
4231
4663
5072
5354
5492
5476
5419
5320
5217
5148
5083
5017
4914
4876
4853
4785
4730
4718
4746
4770
4798
4835
4870
4932
4928
4949
4990
5115
5135
5024
4839
4643
4427
4192
4019
3828
3660
3548
3428
3347
3302
3304
3268
3243
3300
3383
3604
3862
4310
4734
5159
5441
5578
5619
5568
5474
5355
5259
5209
5155
5084
5042
4976
4957
4918
4911
4926
4955
4985
5037
5100
5176
5180
5275
5307
5381
5359
5227
5038
4831
4584
4361
4205
4035
3862
3751
3641
3551
3490
3446
3431
3427
3472
3553
3762
4027
4449
4830
5218
5503
5649
5676
5625
5513
5393
5309
5222
5179
5096
5008
4964
4895
4835
4822
4851
4868
4891
4928
4949
5001
4972
4981
4977
5060
5034
4928
4786
4614
4438
4236
4110
3933
3779
3647
3527
3431
3376
3314
3290
3281
3297
3316
3419
3558
3739
3899
4114
4354
4605
4816
4962
5015
4965
4885
4876
4815
4758
4690
4613
4549
4534
4561
4598
4644
4682
4778
4912
4993
5040
5028
5022
5018
4933
4824
4669
4534
4347
4163
4062
3911
3752
3628
3495
3376
3320
3267
3238
3247
3278
3319
3415
3518
3657
3774
3926
4139
4404
4582
4754
4871
4880
4873
4869
4824
4790
4723
4642
4586
4536
4531
4570
4609
4660
4763
4882
5015
5039
5056
5030
5049
4986
4874
4707
4498
4303
4084
3956
3832
3690
3590
3487
3413
3365
3316
3300
3315
3349
3432
3637
3894
4302
4710
5084
5384
5549
5602
5533
5523
5436
5349
5317
5156
5115
5190
5172
5122
5105
5103
5141
5186
5229
5289
5353
5436
5422
5428
5416
5428
5356
5219
5032
4784
4527
4275
4117
3946
3793
3681
3587
3516
3448
3404
3382
3387
3425
3516
3728
3974
4391
4787
5170
5435
5551
5565
5500
5394
5301
5217
5170
5112
5062
5023
5012
4972
4954
4964
4997
5019
5038
5088
5135
5210
5183
5196
5175
5241
5208
5097
4909
4730
4491
4237
4083
3893
3727
3617
3505
3428
3370
3336
3320
3327
3369
3432
3652
3896
4283
4673
5053
5319
5461
5543
5489
5421
5352
5300
5259
5204
5149
5106
5076
5026
4999
4975
4996
5000
5039
5098
5143
5215
5212
5211
5187
5250
5284
5203
5044
4860
4604
4353
4172
3971
3808
3685
3575
3498
3453
3381
3392
3391
3424
3495
3706
3978
4425
4844
5249
5499
5597
5576
5505
5398
5277
5194
4985
4914
4937
4942
4903
4843
4813
4802
4832
4866
4852
4876
4910
4983
4992
4988
5002
5112
5171
5105
4933
4729
4499
4261
4126
3932
3757
3620
3508
3414
3350
3327
3299
3295
3322
3409
3617
3870
4275
4648
5031
5296
5474
5509
5434
5331
5242
5161
5098
5048
4970
4942
4949
4872
4832
4821
4806
4901
4917
4958
4992
5038
4986
4992
4967
4979
4945
4848
4737
4558
4357
4178
4058
3884
3722
3586
3483
3392
3315
3268
3241
3229
3244
3302
3432
3562
3733
3888
4113
4359
4552
4721
4816
4818
4735
4685
4611
4535
4454
4387
4334
4251
4215
4204
4215
4244
4285
4349
4404
4488
4501
4495
4491
4557
4586
4503
4395
4251
4100
3940
3870
3725
3566
3448
3342
3265
3213
3179
3167
3151
3175
3227
3339
3431
3585
3706
3878
4085
4287
4469
4667
4743
4748
4682
4606
4533
4463
4387
4328
4251
4209
4213
4242
4275
4328
4422
4530
4654
4677
4742
4759
4855
4921
4845
4681
4468
4243
4003
3865
3716
3581
3461
3357
3286
3248
3215
3200
3201
3250
3341
3568
3849
4343
4826
5306
5605
5629
5407
5281
5175
5197
5201
5161
5137
5084
5040
5024
4967
4943
4927
4956
5029
5083
5136
5215
5304
5311
5313
5306
5343
5361
5245
5042
4808
4558
4303
4143
3954
3786
3679
3580
3512
3463
3424
3420
3421
3466
3545
3765
4046
4514
4992
5497
5745
5719
5609
5466
5301
5198
5139
5073
5042
4976
4925
4887
4688
4706
4814
4845
4932
4975
5039
5111
5169
5198
5224
5215
5294
5310
5191
5004
4800
4534
4260
4105
3923
3779
3658
3553
3475
3426
3393
3370
3387
3432
3536
3753
4036
4499
4976
5472
5718
5734
5613
5501
5374
5165
5205
5165
5128
5067
5024
4988
4943
4922
4897
4915
4974
5011
5057
5104
5158
5141
5148
5140
5238
5319
5255
5073
4857
4595
4339
4189
4014
3851
3739
3645
3477
3502
3465
3451
3462
3514
3603
3835
4129
4593
5093
5607
5838
5795
5656
5509
5334
5116
5115
5052
4996
4938
4881
4864
4845
4840
4847
4867
4945
4995
5022
5052
5094
5061
5043
5004
5130
5220
5183
5027
4819
4597
4354
4198
4011
3829
3703
3601
3523
3460
3427
3408
3404
3446
3529
3738
4006
4378
4801
5261
5523
5570
5502
5396
5270
5173
5106
5063
5022
4959
4922
4876
4824
4782
4743
4752
4837
4839
4862
4853
4874
4837
4844
4819
4851
4905
4845
4724
4550
4363
4181
4084
3918
3755
3611
3504
3422
3360
3307
3271
3243
3262
3320
3431
3560
3738
3875
4073
4306
4529
4717
4812
4830
4807
4721
4656
4578
4498
4419
4352
4277
4226
4216
4246
4289
4317
4389
4492
4584
4609
4592
4574
4584
4612
4562
4439
4326
4178
4025
3955
3825
3677
3539
3428
3347
3272
3206
3184
3173
3192
3220
3321
3432
3545
3621
3782
3957
4186
4394
4512
4562
4561
4500
4451
4412
4376
4316
4263
4202
4174
4165
4187
4228
4267
4329
4387
4455
4470
4444
4409
4434
4513
4483
4371
4234
4090
3915
3808
3650
3509
3414
3294
3214
3169
3146
3133
3118
3137
3187
3296
3404
3553
3645
3829
4035
4248
4485
4642
4728
4778
4744
4718
4686
4671
4621
4570
4503
4469
4452
4457
4456
4516
4625
4743
4831
4806
4844
4817
4845
4894
4834
4666
4467
4223
3965
3834
3676
3552
3454
3381
3326
3276
3242
3247
3265
3321
3409
3638
3926
4392
4856
5322
5570
5624
5511
5394
5284
5197
5111
5036
4980
4942
4910
4905
4702
4690
4812
4879
4968
5013
5051
5093
5158
5122
5138
5060
5062
5150
5111
4944
4761
4518
4262
4096
3900
3748
3635
3520
3447
3394
3373
3361
3349
3386
3468
3667
3935
4381
4827
5306
5563
5568
5468
5363
5255
5166
5116
5074
5037
4982
4974
4967
4951
4932
4919
4951
5025
5079
5137
5196
5243
5246
5244
5210
5247
5277
5185
4997
4798
4549
4289
4108
3933
3786
3672
3584
3520
3465
3423
3407
3414
3452
3515
3712
3942
4405
4871
5337
5617
5633
5492
5386
5272
5119
5123
5088
4987
4937
4928
4917
4908
4863
4834
4849
4911
4974
5053
5091
5143
5087
5105
5053
5109
5149
5134
4950
4736
4527
4287
4115
3928
3780
3660
3544
3463
3400
3378
3366
3346
3401
3485
3691
3956
4394
4826
5319
5601
5654
5606
5519
5410
5304
5216
5185
5149
5116
5080
5042
4974
4946
4911
4914
4950
4967
5017
5023
5020
4978
4948
4911
4914
4937
4905
4791
4600
4422
4250
4153
3989
3825
3702
3578
3499
3434
3386
3366
3357
3367
3410
3520
3656
3809
3985
4198
4424
4661
4775
4864
4873
4866
4799
4750
4710
4659
4587
4554
4487
4438
4423
4432
4443
4482
4550
4621
4688
4678
4641
4594
4565
4574
4558
4446
4308
4167
4039
3984
3839
3696
3582
3465
3387
3303
3255
3228
3214
3226
3262
3352
3445
3541
3638
3805
4009
4218
4388
4556
4637
4641
4574
4514
4475
4443
4371
4328
4253
4218
4220
4259
4312
4378
4471
4559
4664
4677
4711
4668
4637
4698
4676
4534
4369
4130
3907
3775
3625
3476
3367
3284
3218
3199
3182
3172
3175
3224
3313
3513
3776
4233
4620
5070
5289
5389
5283
5192
5093
5000
4965
4952
4986
4962
4959
4964
4910
4905
4910
4934
4982
4988
5044
5070
5088
5059
5040
4958
4952
5033
4976
4821
4605
4390
4157
4010
3846
3699
3576
3471
3407
3340
3326
3308
3307
3353
3445
3655
3898
4306
4689
5172
5389
5404
5346
5235
5152
5087
5043
5015
5004
4960
4948
4961
4948
4946
4986
5024
5062
5104
5118
5097
5083
4991
4941
4920
4930
5003
5051
4914
4708
4477
4225
4065
3884
3748
3627
3516
3444
3407
3374
3355
3354
3388
3474
3682
3934
4335
4742
5147
5410
5393
5364
5253
5218
5105
5090
5044
5064
5015
4989
4973
4959
4926
4941
4961
5037
5047
5114
5084
5123
5019
5035
4973
4991
5029
5059
4879
4759
4491
4271
4076
3926
3762
3663
3557
3495
3441
3402
3390
3382
3394
3490
3658
3966
4347
4790
5236
5491
5516
5409
5310
5188
5119
5084
5076
5044
5003
4988
4964
4940
4944
4944
4974
5055
5086
5117
5120
5145
5094
5090
5002
5015
5041
5012
4869
4681
4466
4240
4065
3900
3664
3610
3508
3443
3381
3339
3319
3331
3369
3437
3630
3875
4207
4614
5055
5335
5397
5306
5262
5191
5139
5101
5055
5052
5027
4998
4999
4957
4941
4961
4963
5038
5025
5092
5067
5094
5025
4997
4889
4835
4839
4799
4663
4521
4365
4182
4079
3922
3754
3605
3517
3439
3392
3356
3333
3311
3326
3371
3460
3589
3715
3873
4092
4330
4544
4720
4838
4869
4848
4796
4762
4725
4670
4612
4559
4482
4444
4457
4481
4497
4528
4577
4619
4680
4658
4625
4542
4454
4467
4468
4400
4291
4177
4039
3972
3828
3682
3546
3452
3376
3301
3254
3234
3224
3238
3286
3375
3488
3558
3670
3835
4045
4231
4402
4533
4565
4560
4522
4452
4427
4387
4339
4298
4245
4216
4222
4262
4321
4376
4452
4537
4651
4648
4646
4622
4574
4604
4628
4521
4352
4178
3999
3866
3716
3576
3463
3386
3331
3316
3288
3266
3276
3318
3395
3577
3867
4252
4692
5141
5379
5426
5352
5160
5214
5152
5110
5083
5054
5012
5003
4984
4951
4933
4928
4965
5026
5056
5098
5129
5176
5150
5128
5045
5009
5055
5069
4938
4779
4537
4278
4119
3941
3780
3673
3583
3514
3464
3432
3417
3413
3462
3538
3727
4018
4418
4868
5313
5533
5541
5435
5309
5186
5088
5054
5018
5032
4993
4976
4957
4924
4912
4906
4934
5000
5015
5091
5088
5173
5121
5132
5080
5050
5087
5031
4895
4703
4452
4206
4059
3877
3722
3642
3565
3490
3406
3318
3262
3286
3353
3487
3684
3965
4362
4793
5253
5520
5589
5523
5455
5387
5314
5249
5221
5172
5117
5069
5002
4973
4959
4936
4968
5044
5076
5111
5110
5174
5109
5087
5017
4990
5054
5110
4980
4800
4546
4318
4175
4004
3868
3761
3678
3606
3542
3513
3495
3473
3512
3599
3782
4076
4455
4903
5343
5548
5566
5455
5315
5241
5128
5102
4928
4876
4965
4994
5042
5011
4998
4996
4989
5012
5027
5053
5033
5096
5059
5057
4993
4960
5016
5047
4957
4777
4552
4325
4187
3998
3831
3725
3647
3575
3537
3485
3468
3469
3495
3574
3753
3999
4383
4816
5260
5543
5598
5529
5461
5354
5260
5254
5233
5209
5147
5117
5122
5087
5051
5026
4904
5011
5096
5121
5112
5138
5092
5080
5014
4986
4976
4987
4865
4723
4563
4403
4283
4108
3940
3810
3702
3612
3548
3498
3478
3474
3499
3540
3647
3801
3920
4141
4369
4604
4807
4969
5063
5053
4982
4933
4887
4824
4720
4665
4572
4541
4522
4522
4554
4598
4631
4709
4764
4803
4746
4741
4717
4699
4723
4726
4655
4556
4385
4222
4124
3992
3834
3703
3605
3519
3469
3432
3395
3387
3401
3443
3520
3656
3752
3898
4083
4312
4556
4758
4839
4875
4878
4782
4760
4693
4672
4598
4550
4484
4461
4422
4445
4509
4563
4648
4775
4906
4918
4940
4891
4867
4918
4973
4883
4675
4426
4192
4086
3927
3780
3679
3596
3539
3485
3452
3437
3422
3454
3566
3760
4049
4444
4893
5357
5601
5651
5593
5540
5468
5398
5370
5294
5271
5218
5180
5176
5159
5126
5131
5153
5175
5214
5267
5335
5414
5403
5392
5302
5251
5261
5255
5153
4972
4693
4385
4253
4094
3944
3848
3755
3683
3624
3584
3565
3572
3614
3702
3913
4199
4610
5056
5492
5674
5680
5587
5511
5430
5279
5313
5146
5061
5130
5194
5191
5160
5183
5191
5220
5286
5325
5374
5344
5403
5334
5325
5237
5178
5185
5255
5152
4956
4705
4454
4290
4108
3939
3834
3741
3671
3605
3570
3557
3545
3584
3680
3876
4161
4559
4982
5416
5667
5668
5551
5505
5420
5350
5302
5297
5256
5193
5174
5166
5130
5119
5111
5137
5188
5230
5270
5263
5310
5261
5261
5195
5156
5173
5208
5112
4949
4720
4476
4296
4090
3928
3814
3702
3641
3622
3590
3569
3567
3597
3670
3856
4092
4454
4897
5319
5561
5586
5509
5417
5313
5225
5205
5170
5143
5116
5121
5153
5114
5096
5085
5088
5115
5134
5161
5144
5152
5113
5113
5047
5004
5024
5079
4954
4795
4594
4375
4220
4041
3887
3782
3687
3619
3560
3509
3496
3497
3545
3616
3773
3992
4316
4709
5145
5366
5444
5398
5368
5285
5213
5231
5209
5182
5132
5105
5091
5034
5026
5013
5049
5090
5075
5107
5090
5090
5023
4988
4894
4804
4796
4850
4798
4671
4489
4325
4215
4049
3856
3728
3606
3548
3493
3457
3427
3425
3439
3500
3618
3735
3839
3994
4200
4434
4645
4808
4895
4926
4898
4835
4782
4686
4628
4607
4565
4485
4449
4425
4455
4462
4512
4569
4629
4683
4704
4686
4632
4601
4586
4606
4550
4467
4336
4183
4110
3969
3832
3711
3597
3518
3461
3396
3377
3367
3381
3415
3498
3600
3723
3851
4039
4214
4419
4615
4735
4791
4804
4752
4701
4653
4627
4564
4502
4434
4412
4409
4445
4491
4530
4618
4682
4833
4866
4853
4814
4768
4775
4837
4780
4633
4427
4207
4093
3936
3790
3680
3583
3510
3460
3441
3444
3460
3496
3592
3791
4062
4426
4868
5289
5548
5589
5521
5440
5362
5310
5293
5280
5259
5226
5219
5078
5069
5213
5219
5268
5338
5365
5397
5381
5420
5364
5346
5245
5184
5149
5219
5139
4969
4722
4467
4320
4139
3989
3860
3765
3689
3616
3583
3577
3558
3592
3675
3876
4147
4504
4921
5318
5542
5566
5492
5444
5382
5329
5296
5271
5256
5205
5193
5196
5179
5190
5190
5220
5272
5301
5320
5313
5346
5275
5252
5159
5096
5079
5138
5076
4925
4712
4462
4315
4115
3955
3857
3750
3672
3617
3576
3553
3546
3596
3685
3866
4113
4487
4887
5294
5519
5531
5481
5432
5357
5284
5268
5268
5247
5219
5201
5154
5167
5179
5195
5225
5294
5330
5360
5336
5375
5293
5278
5169
5081
5063
5132
5083
4963
4746
4509
4359
4162
4022
3913
3813
3740
3690
3647
3605
3593
3621
3689
3878
4128
4469
4858
5261
5487
5532
5486
5413
5368
5322
5324
5164
5114
5180
5264
5272
5233
5252
5257
5288
5360
5363
5377
5347
5344
5275
5246
5169
5111
5105
5176
5140
4975
4743
4508
4366
4179
4010
3880
3770
3696
3633
3593
3583
3570
3600
3681
3860
4085
4433
4831
5244
5481
5515
5486
5437
5403
5353
5343
5340
5315
5287
5253
5253
5236
5213
5200
5209
5253
5245
5233
5181
5195
5129
5071
4950
4890
4889
4916
4845
4732
4577
4422
4320
4183
4010
3880
3783
3701
3640
3592
3566
3554
3556
3600
3703
3830
3950
4112
4327
4533
4691
4848
4944
4952
4935
4876
4810
4760
4714
4676
4639
4581
4560
4543
4577
4613
4652
4700
4726
4768
4735
4690
4667
4614
4610
4658
4616
4501
4360
4211
4141
4004
3828
3715
3610
3511
3454
3412
3392
3381
3396
3416
3509
3634
3730
3852
4013
4183
4383
4551
4673
4724
4741
4668
4634
4608
4592
4551
4504
4437
4441
4427
4466
4506
4559
4649
4742
4831
4845
4836
4774
4718
4717
4773
4739
4570
4391
4187
4077
3931
3789
3692
3618
3547
3501
3475
3461
3450
3502
3600
3800
4058
4395
4821
5229
5442
5492
5449
5403
5362
5305
5294
5271
5270
5246
5235
5129
5046
5126
5172
5212
5275
5305
5352
5341
5359
5292
5261
5150
5058
5022
5072
5041
4883
4665
4428
4282
4102
3957
3826
3730
3671
3624
3587
3567
3573
3604
3677
3852
4096
4460
4870
5258
5480
5515
5470
5422
5388
5349
5328
5332
5333
5317
5296
5294
5280
5274
5292
5330
5364
5372
5393
5360
5426
5333
5331
5240
5168
5122
5145
5083
4930
4704
4479
4306
4133
3969
3851
3764
3694
3623
3596
3569
3577
3610
3684
3860
4082
4427
4820
5183
5398
5438
5404
5372
5334
5301
5266
5289
5299
5254
5228
5235
5229
5241
5283
5313
5383
5394
5435
5410
5423
5341
5303
5206
5147
5096
5108
5062
4932
4726
4500
4350
4190
4037
3937
3839
3753
3674
3650
3602
3579
3623
3678
3864
4079
4433
4835
5210
5421
5462
5433
5413
5363
5326
5297
5177
5121
5190
5265
5265
5241
5233
5259
5293
5367
5385
5402
5378
5388
5335
5287
5188
5104
5042
5095
5050
4917
4722
4503
4370
4197
4021
3894
3799
3711
3666
3624
3599
3609
3645
3717
3905
4131
4475
4891
5249
5482
5497
5465
5470
5450
5385
5326
5275
5250
5236
5231
5232
5207
5240
5266
5297
5321
5310
5320
5264
5224
5108
5051
4941
4867
4813
4852
4837
4745
4598
4428
4315
4143
3991
3871
3737
3662
3589
3545
3495
3478
3493
3543
3630
3755
3883
4077
4285
4494
4669
4819
4906
4890
4873
4824
4785
4749
4690
4642
4622
4592
4585
4579
4611
4650
4698
4751
4767
4799
4747
4725
4648
4571
4506
4549
4577
4499
4373
4232
4175
4044
3895
3775
3667
3582
3512
3479
3465
3431
3430
3449
3554
3618
3713
3850
4003
4188
4369
4519
4625
4672
4676
4641
4615
4587
4547
4514
4488
4447
4445
4473
4520
4562
4632
4699
4731
4795
4811
4803
4743
4676
4642
4711
4692
4580
4413
4238
4109
3966
3829
3714
3632
3552
3509
3477
3464
3469
3502
3584
3750
3996
4293
4680
5061
5311
5387
5366
5378
5338
5310
5338
5217
5178
5249
5358
5365
5365
5378
5395
5389
5464
5488
5485
5420
5404
5329
5286
5186
5094
5017
5023
4981
4844
4639
4406
4261
4114
3970
3852
3766
3699
3652
3610
3601
3598
3634
3695
3876
4099
4428
4770
5157
5369
5415
5402
5394
5368
5348
5353
5391
5413
5412
5412
5407
5387
5403
5407
5456
5512
5529
5514
5501
5472
5379
5369
5291
5212
5104
5103
5120
5000
4785
4548
4390
4216
4048
3926
3836
3774
3712
3686
3655
3656
3691
3749
3932
4170
4503
4837
5204
5403
5447
5446
5455
5436
5394
5413
5255
5310
5385
5386
5397
5399
5411
5416
5450
5519
5540
5537
5455
5453
5353
5314
5215
5109
5030
5071
5100
4965
4771
4549
4409
4221
4076
3935
3824
3780
3724
3692
3663
3642
3680
3772
3943
4159
4468
4852
5239
5426
5468
5445
5451
5433
5334
5370
5353
5291
5266
5290
5296
5296
5331
5360
5396
5475
5481
5489
5425
5393
5305
5267
5195
5132
5042
5047
5037
4937
4762
4559
4406
4222
4047
3923
3813
3731
3680
3645
3629
3620
3646
3721
3879
4105
4433
4813
5185
5386
5462
5458
5441
5428
5412
5412
5391
5382
5359
5346
5336
5329
5317
5340
5366
5403
5393
5390
5331
5292
5186
5129
5015
4927
4840
4856
4869
4778
4652
4506
4400
4239
4066
3935
3822
3744
3698
3654
3636
3624
3639
3674
3778
3883
4004
4173
4377
4594
4779
4900
4975
5002
4999
4970
4934
4900
4874
4816
4778
4729
4717
4701
4757
4779
4811
4845
4860
4855
4806
4786
4706
4631
4577
4591
4596
4559
4471
4343
4264
4102
3960
3839
3734
3643
3591
3549
3521
3503
3505
3524
3608
3690
3752
3889
4052
4240
4416
4574
4690
4737
4732
4701
4685
4659
4651
4648
4629
4590
4587
4610
4657
4698
4735
4781
4817
4897
4886
4872
4811
4728
4664
4669
4690
4597
4451
4273
4162
3996
3856
3770
3689
3629
3569
3521
3513
3482
3525
3630
3825
4046
4373
4749
5107
5329
5408
5416
5437
5432
5404
5378
5380
5377
5333
5342
5317
5349
5341
5298
5356
5418
5436
5444
5401
5394
5308
5282
5184
5106
5034
5040
5037
4916
4719
4511
4355
4175
4008
3901
3804
3724
3676
3628
3607
3611
3643
3710
3875
4109
4422
4783
5173
5398
5457
5429
5411
5382
5347
5355
5367
5332
5304
5295
5310
5291
5284
5306
5332
5384
5379
5391
5354
5357
5282
5269
5167
5090
4987
5014
5012
4909
4742
4524
4375
4224
4064
3927
3837
3766
3707
3670
3649
3634
3654
3735
3923
4126
4426
4792
5152
5351
5425
5394
5381
5357
5308
5298
5288
5268
5248
5252
5259
5237
5231
5231
5286
5345
5377
5385
5330
5312
5243
5208
5099
5005
4937
4952
4946
4814
4632
4434
4280
4131
3959
3798
3717
3634
3591
3553
3529
3530
3553
3582
3781
3998
4319
4686
5041
5261
5322
5306
5284
5244
5166
5185
5186
5156
5093
5108
5119
5104
5107
5098
5131
5188
5190
5197
5162
5145
5083
5064
4958
4888
4834
4853
4877
4815
4653
4458
4320
4105
3971
3844
3741
3650
3585
3542
3530
3530
3547
3596
3768
3984
4292
4647
5008
5219
5309
5285
5264
5259
5231
5221
5234
5214
5183
5183
5170
5137
5132
5145
5148
5161
5129
5111
5086
5033
4950
4936
4840
4767
4691
4720
4758
4687
4556
4405
4299
4143
3974
3838
3722
3643
3588
3543
3525
3501
3511
3553
3655
3782
3884
4073
4258
4461
4643
4786
4875
4913
4909
4864
4831
4797
4762
4718
4695
4653
4637
4643
4675
4695
4706
4742
4747
4735
4698
4687
4611
4543
4505
4500
4535
4503
4405
4278
4200
4070
3940
3816
3720
3636
3566
3501
3477
3449
3451
3476
3552
3653
3731
3867
4029
4192
4384
4528
4638
4694
4699
4674
4677
4664
4636
4588
4533
4496
4487
4501
4561
4615
4649
4690
4727
4775
4774
4782
4720
4650
4605
4611
4628
4549
4385
4208
4104
3944
3804
3713
3623
3553
3519
3484
3471
3480
3546
3634
3802
4018
4297
4611
4946
5169
5286
5314
5314
5280
5191
5252
5298
5301
5260
5228
5228
5198
5199
5196
5218
5247
5252
5271
5264
5303
5250
5226
5119
4995
4939
4938
4955
4841
4667
4456
4320
4137
3973
3848
3744
3678
3617
3581
3574
3556
3592
3656
3821
4029
4307
4654
4976
5200
5309
5338
5319
5288
5258
5232
5233
5229
5211
5202
5204
5184
5165
5189
5220
5243
5247
5257
5207
5247
5193
5192
5098
4993
4912
4901
4919
4820
4660
4481
4352
4169
3995
3875
3789
3721
3669
3634
3623
3587
3626
3707
3841
4071
4365
4693
5026
5242
5361
5375
5373
5339
5290
5271
5133
5041
5054
5138
5139
5110
5093
5094
5125
5144
5173
5183
5149
5165
5106
5076
4971
4881
4799
4829
4890
4822
4670
4488
4354
4171
4017
3895
3802
3712
3652
3598
3575
3577
3611
3670
3825
4016
4295
4612
4911
5140
5263
5284
5256
5211
5161
5140
5124
5107
5078
5048
5044
5010
5001
5022
5036
5042
5056
5077
5058
5086
5059
5017
4919
4841
4795
4842
4879
4820
4676
4501
4408
4243
4061
3916
3785
3721
3671
3632
3586
3567
3575
3634
3771
3983
4234
4492
4741
4947
5071
5126
5147
5132
5107
5073
5063
5020
4974
4908
4885
4839
4811
4805
4835
4873
4908
4939
4888
4942
4868
4846
4762
4688
4639
4633
4660
4617
4512
4356
4264
4112
3965
3829
3718
3636
3572
3526
3499
3462
3474
3498
3592
3699
3782
3937
4111
4291
4457
4598
4716
4758
4762
4730
4703
4675
4661
4618
4593
4551
4532
4532
4550
4563
4587
4625
4630
4693
4675
4673
4621
4549
4500
4495
4535
4504
4399
4257
4155
4015
3857
3736
3637
3561
3504
3453
3427
3395
3397
3423
3492
3584
3652
3794
3962
4149
4339
4499
4605
4651
4661
4637
4611
4591
4579
4538
4507
4463
4441
4443
4467
4483
4499
4521
4505
4532
4501
4479
4404
4338
4293
4306
4350
4316
4229
4105
4038
3872
3705
3583
3474
3374
3306
3256
3225
3198
3198
3229
3281
3390
3476
3651
3869
4095
4302
4442
4528
4562
4542
4491
4451
4393
4310
4194
4103
4028
4001
3994
4006
4013
4026
4023
3991
3978
3945
3945
3918
3893
3892
3962
4012
3978
3916
3836
3772
3637
3505
3400
3325
3273
3242
3206
3185
3151
3167
3195
3285
3409
3474
3570
3714
3888
4054
4213
4318
4387
4386
4424
4406
4338
4297
4196
4161
4113
4132
4137
4151
4157
4184
4216
4252
4306
4292
4307
4251
4200
4162
4181
4230
4189
4093
3947
3853
3723
3584
3479
3392
3321
3281
3244
3237
3207
3212
3264
3375
3496
3628
3800
4016
4236
4452
4599
4670
4700
4667
4631
4603
4544
4515
4490
4478
4409
4369
4339
4337
4347
4374
4387
4408
4471
4431
4424
4355
4290
4237
4250
4295
4252
4171
4014
3896
3748
3617
3498
3386
3331
3282
3245
3239
3223
3240
3285
3365
3502
3632
3830
4028
4208
4340
4447
4541
4554
4533
4509
4488
4453
4442
4410
4419
4361
4328
4327
4339
4350
4379
4425
4455
4528
4510
4496
4425
4342
4299
4305
4345
4295
4188
4070
3987
3835
3667
3548
3449
3372
3338
3315
3313
3274
3286
3342
3390
3571
3696
3878
4067
4232
4389
4509
4619
4614
4605
4587
4562
4526
4515
4519
4514
4464
4460
4463
4478
4454
4476
4522
4552
4571
4542
4523
4452
4358
4290
4322
4374
4339
4251
4138
4047
3913
3771
3651
3539
3459
3407
3366
3337
3300
3318
3356
3448
3535
3607
3738
3886
4055
4214
4350
4462
4503
4469
4474
4444
4411
4390
4339
4315
4252
4238
4237
4252
4260
4292
4347
4356
4413
4402
4388
4335
4261
4208
4222
4289
4252
4138
4007
3928
3788
3655
3540
3437
3361
3317
3272
3245
3216
3199
3243
3302
3386
3457
3571
3699
3854
4006
4135
4261
4343
4371
4351
4339
4318
4289
4266
4260
4236
4230
4237
4246
4260
4300
4335
4334
4372
4341
4297
4208
4118
4060
4074
4082
4029
3960
3880
3864
3783
3671
3602
3510
3424
3360
3247
3225
3240
3241
3262
3338
3432
3490
3577
3683
3798
3924
4048
4170
4266
4322
4320
4351
4347
4339
4309
4139
4191
4187
4214
4254
4288
4344
4395
4410
4463
4428
4417
4356
4298
4238
4227
4252
4224
4133
3999
3921
3782
3640
3538
3460
3390
3354
3317
3294
3263
3258
3283
3335
3439
3541
3655
3797
3942
4115
4259
4365
4452
4486
4466
4413
4442
4444
4418
4392
4347
4329
4339
4372
4399
4445
4501
4543
4613
4586
4580
4503
4407
4340
4327
4377
4326
4214
4062
3956
3817
3668
3546
3455
3385
3333
3322
3315
3299
3320
3373
3482
3643
3780
3969
4186
4404
4574
4711
4798
4845
4849
4869
4845
4879
4891
4869
4864
4820
4802
4813
4871
4901
4931
4963
4927
4975
4898
4883
4767
4658
4566
4576
4597
4541
4429
4270
4176
4017
3858
3725
3619
3548
3492
3453
3430
3412
3432
3501
3589
3708
3861
4021
4252
4466
4626
4750
4854
4928
4926
4900
4896
4895
4895
4875
4854
4828
4837
4853
4865
4879
4903
4945
4954
5012
4940
4927
4813
4706
4634
4603
4552
4450
4328
4176
4070
3926
3748
3629
3534
3458
3417
3370
3337
3307
3322
3369
3472
3640
3802
3999
4211
4400
4575
4709
4822
4881
4902
4898
4881
4856
4844
4777
4760
4722
4705
4689
4687
4650
4643
4669
4681
4704
4663
4614
4520
4412
4341
4316
4284
4206
4083
3964
3864
3721
3552
3442
3340
3262
3221
3162
3163
3163
3181
3211
3286
3400
3488
3604
3744
3914
4085
4228
4375
4451
4492
4466
4452
4395
4375
4311
4279
4236
4194
4179
4205
4199
4219
4257
4309
4368
4371
4349
4263
4172
4128
4151
4176
4118
3992
3858
3786
3637
3500
3406
3304
3222
3164
3112
3092
3073
3067
3084
3149
3249
3320
3418
3546
3698
3856
4037
4175
4254
4291
4267
4250
4221
4210
4153
4117
4081
4064
4057
4074
4096
4129
4184
4232
4314
4324
4309
4266
4212
4147
4172
4222
4156
4010
3847
3746
3608
3457
3350
3268
3199
3155
3133
3130
3120
3158
3216
3363
3573
3824
4084
4350
4565
4702
4806
4871
4868
4859
4851
4855
4858
4854
4820
4825
4803
4796
4813
4835
4870
4893
4894
4871
4896
4821
4795
4700
4603
4512
4511
4559
4500
4367
4173
4035
3869
3715
3585
3485
3400
3338
3301
3274
3259
3291
3361
3474
3583
3817
4076
4353
4566
4713
4774
4839
4863
4889
4877
4723
4698
4852
4921
4911
4902
4897
4926
4974
5008
5008
5033
5001
5019
4959
4902
4785
4688
4608
4596
4619
4549
4368
4182
4052
3881
3720
3593
3499
3437
3386
3358
3334
3323
3358
3401
3537
3748
3979
4273
4560
4783
4925
4993
5075
5088
5043
5055
5064
5067
5049
5031
5010
5014
5012
5009
5022
5043
5037
5039
4980
5019
4923
4886
4790
4694
4609
4598
4603
4521
4365
4180
4071
3914
3771
3653
3563
3492
3442
3412
3389
3370
3388
3410
3544
3724
3975
4219
4521
4752
4902
4976
5023
5043
5025
5005
5008
4997
4978
4961
4956
4856
4920
4951
4984
4996
4996
5013
5004
5028
4972
4924
4816
4725
4634
4634
4642
4549
4385
4210
4107
3934
3763
3643
3548
3468
3422
3384
3361
3338
3361
3396
3538
3720
3949
4192
4483
4728
4897
4994
5055
5055
5007
4982
4980
4993
4991
4964
4970
4949
4956
4970
4990
4990
4980
4979
4918
4939
4844
4797
4710
4604
4533
4493
4524
4477
4374
4228
4127
3956
3793
3681
3561
3500
3441
3394
3360
3339
3346
3376
3458
3577
3662
3787
3938
4099
4276
4435
4523
4564
4582
4569
4549
4533
4528
4500
4469
4418
4368
4385
4382
4392
4424
4453
4482
4526
4491
4469
4387
4305
4230
4214
4276
4254
4146
4033
3953
3800
3659
3529
3433
3351
3301
3259
3224
3198
3204
3235
3288
3387
3437
3548
3686
3847
4010
4151
4307
4387
4424
4427
4425
4414
4370
4333
4324
4297
4280
4282
4308
4333
4374
4426
4481
4549
4567
4561
4502
4421
4363
4358
4420
4367
4227
4054
3936
3765
3605
3485
3401
3343
3297
3262
3245
3221
3267
3340
3509
3741
4015
4327
4635
4878
5015
5101
5148
5151
5157
5161
5161
5151
5133
5127
5138
5125
5127
5122
5152
5192
5235
5203
5158
5148
5059
5020
4906
4779
4685
4664
4679
4606
4446
4249
4104
3920
3760
3639
3540
3472
3431
3397
3378
3375
3397
3423
3584
3754
4085
4380
4665
4924
5045
5119
5181
5192
5187
5173
5137
5135
5138
5137
5139
5129
5150
5153
5170
5197
5213
5224
5161
5167
5079
5027
4910
4829
4740
4729
4722
4667
4516
4315
4179
4001
3841
3726
3614
3535
3478
3442
3406
3393
3420
3503
3635
3832
4079
4388
4683
4937
5048
5112
5149
5134
5132
5118
5086
5126
5099
5087
5127
5113
5104
5115
5113
5130
5137
5152
5109
5153
5044
5035
4913
4801
4704
4692
4665
4589
4432
4249
4116
3938
3773
3652
3549
3484
3439
3412
3391
3368
3388
3442
3615
3846
4147
4440
4775
4996
5109
5147
5177
5203
5171
5159
5153
5170
5191
5216
5218
5149
5118
5145
5166
5191
5202
5203
5168
5206
5133
5084
4969
4865
4764
4719
4695
4594
4407
4228
4139
3965
3821
3712
3598
3519
3473
3447
3438
3435
3458
3521
3644
3880
4176
4499
4815
5063
5193
5244
5246
5254
5239
5235
5198
5168
5155
5161
5176
5161
5141
5124
5142
5129
5108
5092
5041
5019
4940
4885
4801
4718
4612
4582
4609
4561
4441
4320
4213
4041
3875
3741
3631
3551
3489
3441
3411
3389
3391
3415
3494
3630
3726
3862
4044
4205
4376
4541
4669
4732
4748
4723
4688
4657
4642
4612
4594
4541
4548
4532
4557
4582
4588
4616
4625
4671
4639
4633
4560
4481
4404
4398
4442
4402
4319
4204
4121
3977
3817
3702
3605
3520
3478
3425
3414
3392
3404
3428
3471
3564
3617
3705
3834
4005
4153
4290
4442
4515
4547
4522
4523
4515
4521
4501
4490
4455
4436
4441
4472
4510
4548
4597
4638
4726
4731
4729
4673
4594
4549
4552
4553
4420
4256
4093
3983
3856
3722
3595
3490
3433
3404
3374
3347
3324
3343
3436
3602
3843
4134
4399
4670
4899
5047
5133
5181
5194
5207
5220
5238
5257
5242
5248
5248
5230
5230
5248
5282
5304
5314
5322
5308
5333
5248
5196
5088
4987
4904
4907
4880
4773
4599
4410
4276
4110
3978
3849
3742
3681
3636
3604
3587
3579
3609
3667
3816
4041
4357
4647
4952
5171
5299
5329
5346
5342
5345
5408
5446
5462
5465
5479
5492
5482
5462
5484
5515
5547
5545
5546
5508
5494
5396
5336
5222
5103
4981
4950
4983
4887
4720
4533
4397
4208
4046
3905
3795
3720
3678
3637
3623
3608
3645
3698
3844
4067
4367
4664
4989
5217
5343
5391
5404
5409
5413
5492
5518
5520
5479
5466
5480
5498
5508
5537
5571
5591
5582
5550
5490
5494
5429
5363
5228
5118
5019
5002
5013
4925
4792
4590
4428
4244
4077
3949
3817
3734
3679
3655
3622
3609
3658
3735
3872
4064
4368
4649
4955
5128
5130
5243
5369
5390
5382
5388
5408
5420
5404
5457
5494
5488
5497
5510
5536
5567
5590
5582
5508
5520
5474
5423
5273
5155
5055
5068
5082
4954
4761
4577
4450
4273
4116
3997
3879
3807
3751
3712
3684
3672
3695
3744
3898
4108
4390
4691
5004
5235
5368
5443
5474
5475
5459
5471
5486
5472
5430
5436
5436
5412
5413
5409
5433
5448
5412
5397
5326
5296
5208
5147
5027
4936
4841
4853
4855
4777
4640
4481
4372
4203
4059
3878
3779
3695
3646
3597
3560
3553
3557
3575
3642
3776
3908
4008
4162
4345
4534
4685
4799
4829
4838
4819
4822
4797
4766
4736
4707
4668
4657
4664
4697
4722
4734
4789
4813
4861
4848
4824
4755
4681
4597
4610
4649
4578
4465
4346
4275
4142
3975
3829
3715
3634
3579
3543
3520
3510
3497
3507
3562
3641
3717
3781
3898
4050
4240
4388
4533
4612
4647
4632
4639
4633
4649
4633
4614
4595
4605
4622
4642
4681
4715
4755
4804
4864
4829
4816
4750
4679
4612
4629
4655
4589
4453
4310
4207
4042
3916
3812
3700
3621
3572
3533
3518
3506
3528
3571
3695
3852
4060
4244
4479
4680
4840
4956
5025
5059
5076
5083
5085
5080
5062
5045
5068
5033
5028
5041
5084
5147
5171
5195
5191
5236
5219
5186
5076
4950
4867
4872
4888
4778
4609
4402
4275
4102
3950
3821
3732
3659
3616
3584
3577
3565
3593
3657
3812
4060
4410
4726
5040
5265
5367
5412
5428
5451
5448
5436
5466
5456
5447
5470
5502
5508
5506
5500
5513
5571
5605
5601
5551
5543
5461
5390
5266
5144
5044
5043
5085
4975
4775
4531
4381
4179
4031
3914
3804
3740
3671
3625
3595
3595
3626
3675
3814
4046
4361
4732
5081
5290
5348
5357
5362
5363
5357
5381
5403
5417
5419
5427
5442
5422
5423
5413
5421
5502
5505
5454
5418
5419
5300
5251
5129
5036
4986
5006
4996
4857
4649
4440
4297
4131
3988
3900
3799
3708
3607
3572
3542
3554
3587
3603
3767
3974
4299
4633
5004
5236
5286
5266
5268
5256
5224
5244
5285
5278
5252
5258
5295
5282
5275
5292
5326
5412
5343
5395
5361
5384
5285
5215
5066
4949
4875
4851
4815
4637
4438
4230
4098
3922
3754
3640
3552
3493
3455
3436
3408
3391
3417
3477
3598
3825
4148
4490
4855
5101
5160
5169
5187
5170
5168
5179
5191
5106
5020
5031
5026
5002
4973
4946
4894
4945
4884
4877
4824
4818
4735
4677
4570
4473
4382
4399
4409
4325
4182
4033
3921
3777
3607
3483
3380
3311
3256
3217
3194
3188
3198
3233
3334
3449
3581
3686
3860
4042
4224
4386
4471
4508
4525
4502
4471
4432
4398
4367
4312
4244
4213
4185
4187
4194
4202
4251
4300
4367
4317
4290
4204
4117
4064
4099
4158
4079
3958
3814
3776
3644
3490
3377
3288
3207
3162
3125
3107
3089
3099
3127
3183
3299
3389
3476
3620
3798
3980
4138
4274
4337
4341
4320
4297
4273
4266
4219
4187
4148
4114
4141
4153
4189
4217
4273
4322
4406
4416
4411
4352
4276
4241
4302
4297
4166
3979
3789
3685
3540
3407
3310
3222
3170
3131
3091
3077
3079
3117
3188
3329
3545
3864
4160
4506
4766
4880
4917
4953
4956
4900
4909
4888
4875
4867
4866
4884
4862
4841
4834
4850
4887
4916
4898
4901
4923
4809
4734
4604
4506
4448
4493
4495
4377
4196
4020
3890
3735
3582
3452
3379
3293
3242
3205
3186
3166
3182
3213
3301
3414
3527
3623
3788
3967
4127
4281
4398
4500
4473
4520
4503
4470
4438
4378
4348
4306
4274
4267
4284
4311
4351
4441
4519
4610
4595
4586
4495
4426
4397
4459
4463
4334
4163
3969
3842
3687
3556
3455
3370
3307
3265
3240
3226
3231
3278
3339
3522
3778
4143
4510
4895
5145
5176
5137
5119
5095
5086
5062
5048
5045
5014
5026
5062
5054
5058
5055
5068
5109
5119
5153
5135
5162
5072
5052
4936
4821
4798
4834
4813
4671
4480
4268
4121
3959
3796
3689
3581
3512
3460
3413
3386
3390
3420
3492
3656
3898
4230
4576
4964
5184
5209
5151
5119
5079
5046
5049
5056
5054
5041
5037
5031
5034
4973
5029
5039
5092
5119
5135
5117
5164
5118
5070
4999
4918
4860
4864
4824
4688
4488
4272
4129
3980
3827
3710
3628
3565
3518
3479
3463
3462
3492
3558
3639
3885
4260
4654
5056
5307
5355
5304
5251
5197
5128
5181
5199
5191
5166
5129
5155
5118
5090
5059
5061
5105
5119
5116
5098
5090
4998
4967
4869
4782
4737
4738
4689
4561
4420
4271
4151
3989
3830
3703
3597
3516
3457
3421
3403
3386
3397
3426
3514
3624
3777
3923
4082
4296
4492
4666
4823
4905
4935
4892
4878
4861
4819
4768
4710
4668
4604
4589
4575
4600
4614
4663
4711
4777
4756
4689
4585
4517
4485
4484
4430
4325
4228
4100
4020
3882
3748
3630
3491
3464
3412
3378
3343
3325
3333
3359
3424
3519
3616
3727
3838
4019
4228
4412
4580
4689
4690
4741
4747
4749
4703
4649
4615
4568
4533
4525
4551
4604
4658
4729
4807
4872
4851
4797
4695
4611
4560
4570
4477
4318
4136
3922
3801
3649
3519
3426
3349
3286
3256
3212
3207
3212
3266
3314
3491
3751
4128
4550
4968
5233
5307
5335
5346
5348
5316
5329
5351
5359
5364
5396
5406
5360
5380
5378
5394
5449
5461
5463
5399
5416
5341
5319
5166
5045
5001
5027
4960
4786
4526
4273
4118
3931
3765
3651
3559
3494
3450
3405
3388
3386
3422
3494
3647
3867
4241
4656
5105
5381
5432
5383
5391
5372
5366
5356
5364
5363
5348
5337
5338
5324
5316
5316
5366
5465
5475
5463
5394
5403
5269
5223
5079
4963
4886
4921
4892
4731
4529
4313
4152
3966
3784
3664
3566
3501
3447
3407
3396
3413
3454
3522
3680
3899
4236
4628
5014
5262
5324
5274
5258
5228
5239
5244
5212
5253
5244
5238
5247
5216
5202
5203
5206
5279
5327
5355
5289
5323
5243
5177
5040
4930
4881
4914
4858
4720
4529
4318
4175
4004
3840
3712
3612
3540
3495
3453
3428
3420
3444
3509
3667
3894
4237
4641
5016
5245
5269
5228
5206
5190
5153
5156
5167
5161
5151
5160
5158
5148
5156
5182
5207
5275
5305
5305
5258
5246
5159
5114
4999
4898
4849
4943
4910
4736
4540
4337
4193
4047
3890
3756
3641
3570
3524
3487
3467
3459
3475
3509
3662
3858
4196
4570
4949
5166
5234
5196
5185
5159
5159
5154
5169
5187
5199
5234
5204
5223
5231
5243
5238
5291
5298
5334
5257
5223
5115
5032
4905
4819
4756
4840
4775
4635
4499
4317
4188
4019
3863
3732
3618
3534
3468
3412
3388
3382
3380
3421
3496
3615
3758
3885
4032
4219
4392
4526
4639
4697
4672
4685
4672
4663
4637
4593
4574
4528
4556
4520
4524
4539
4560
4620
4647
4680
4659
4619
4542
4483
4447
4488
4458
4323
4215
4083
4013
3880
3756
3652
3521
3436
3383
3345
3299
3295
3301
3334
3401
3481
3566
3679
3789
3944
4108
4267
4384
4459
4485
4489
4478
4481
4474
4462
4459
4432
4419
4446
4479
4517
4552
4613
4642
4759
4756
4745
4648
4567
4559
4622
4535
4371
4193
4000
3867
3726
3584
3483
3410
3353
3309
3277
3282
3286
3319
3369
3542
3773
4146
4544
4970
5232
5289
5277
5268
5244
5177
5236
5247
5253
5238
5251
5252
5292
5291
5299
5334
5395
5415
5414
5369
5371
5266
5176
5091
5016
4960
4928
4781
4590
4361
4141
4003
3859
3709
3602
3517
3454
3417
3392
3373
3364
3397
3463
3637
3896
4291
4712
5104
5357
5404
5379
5393
5380
5363
5391
5415
5413
5399
5395
5388
5365
5348
5329
5353
5432
5452
5465
5427
5406
5285
5222
5080
4953
4876
4840
4722
4521
4314
4063
3899
3802
3661
3546
3472
3392
3321
3314
3297
3285
3319
3364
3528
3764
4142
4577
4953
5191
5240
5208
5199
5150
5121
5132
5143
5113
5096
5076
5074
5046
5036
5031
5039
5085
5101
5117
5079
5116
5030
5011
4886
4833
4784
4842
4775
4625
4394
4162
3991
3822
3663
3537
3445
3380
3332
3292
3280
3280
3299
3353
3496
3750
4131
4532
4918
5189
5231
5170
5151
5103
5050
5030
5032
5006
4956
4946
4882
4898
4880
4863
4894
4949
4968
4971
4950
4959
4929
4878
4767
4672
4683
4773
4669
4489
4265
4060
3910
3740
3578
3473
3374
3309
3261
3225
3210
3210
3243
3314
3475
3699
4088
4523
4919
5191
5251
5219
5195
5122
5017
5036
5005
4983
4953
4928
4944
4914
4901
4879
4860
4892
4886
4879
4829
4776
4713
4650
4537
4464
4474
4548
4464
4314
4171
3976
3853
3706
3564
3442
3360
3288
3240
3185
3175
3166
3189
3211
3298
3421
3558
3696
3869
4080
4282
4432
4526
4552
4538
4515
4485
4442
4386
4365
4334
4286
4242
4225
4228
4249
4270
4315
4341
4394
4358
4355
4264
4192
4194
4294
4214
4092
3972
3834
3748
3610
3467
3325
3232
3160
3112
3074
3051
3015
3017
3046
3114
3217
3331
3429
3561
3737
3938
4130
4288
4354
4344
4346
4334
4324
4308
4282
4246
4197
4178
4169
4188
4246
4289
4342
4415
4493
4485
4483
4402
4346
4351
4398
4291
4128
3944
3742
3622
3497
3379
3293
3219
3131
3109
3072
3061
3056
3091
3121
3309
3537
3934
4354
4780
5022
5110
5073
5054
5027
5001
4991
4987
4986
4975
4981
4961
4940
4932
4937
4966
5013
5022
5033
5041
5033
4962
4891
4766
4704
4705
4696
4591
4425
4184
3940
3808
3645
3502
3397
3305
3240
3193
3156
3138
3140
3160
3231
3422
3658
4056
4502
4913
5174
5225
5150
5093
5030
4998
4962
4952
4930
4909
4914
4941
4919
4903
4892
4902
4968
4994
5020
5032
5076
5006
4986
4892
4837
4819
4769
4640
4338
4169
4011
3863
3719
3573
3467
3363
3283
3236
3203
3178
3182
3216
3284
3440
3714
4116
4551
4992
5264
5298
5230
5191
5141
5043
5044
5026
5011
4977
4964
4988
4967
4944
4914
4929
4987
5022
5026
5032
5061
4953
4925
4816
4754
4774
4766
4626
4440
4222
3990
3842
3667
3539
3424
3350
3283
3241
3205
3199
3193
3223
3286
3452
3702
4078
4544
4972
5227
5247
5190
5151
5117
5092
5067
5097
5109
5073
5080
5088
5062
5059
5045
5066
5129
5141
5138
5083
5098
5018
4988
4884
4851
4849
4807
4636
4441
4232
4015
3880
3709
3562
3449
3363
3292
3243
3213
3202
3207
3231
3294
3462
3705
4082
4518
4947
5205
5250
5174
5160
5118
5040
5075
5096
5121
5101
5055
5038
5001
4982
4978
5005
5015
5006
5002
4947
4923
4820
4777
4666
4605
4643
4634
4488
4358
4207
4048
3938
3798
3635
3523
3416
3335
3281
3240
3218
3199
3201
3227
3311
3429
3582
3745
3911
4119
4341
4514
4644
4687
4681
4637
4589
4543
4503
4441
4405
4364
4337
4323
4334
4368
4332
4425
4431
4507
4470
4429
4349
4331
4380
4380
4287
4164
4027
3877
3805
3671
3539
3433
3336
3240
3160
3121
3111
3077
3095
3133
3211
3299
3422
3533
3650
3816
4022
4204
4337
4411
4430
4400
4391
4376
4361
4336
4324
4289
4279
4287
4328
4377
4440
4508
4580
4686
4667
4657
4580
4503
4561
4575
4439
4253
4043
3838
3720
3575
3466
3362
3278
3215
3176
3144
3132
3134
3171
3243
3434
3693
4055
4452
4866
5107
5156
5124
5137
5126
5115
5129
5166
5176
5176
5183
5192
5188
5202
5218
5237
5301
5342
5340
5310
5322
5205
5142
4996
4913
4970
4929
4759
4519
4290
4060
3907
3751
3622
3521
3412
3349
3302
3267
3254
3255
3284
3362
3534
3791
4163
4598
5020
5257
5291
5228
5234
5196
5187
5210
5224
5232
5216
5244
5241
5270
5240
5264
5230
5308
5336
5375
5284
5345
5252
5216
5097
5065
5109
5022
4872
4634
4412
4157
3989
3828
3682
3568
3467
3393
3345
3312
3302
3298
3334
3391
3528
3794
4174
4618
5088
5348
5403
5352
5294
5239
5198
5191
5196
5171
5132
5114
5118
5086
5082
5062
5098
5172
5190
5202
5172
5188
5112
5054
4969
4934
4941
4865
4734
4534
4325
4099
3963
3807
3643
3523
3428
3358
3303
3279
3254
3242
3286
3346
3509
3751
4110
4560
5001
5246
5241
5170
5124
5086
5033
5000
4980
4936
4903
4887
4860
4839
4839
4865
4876
4961
4992
5034
5066
5096
5035
5013
4922
4891
4922
4847
4648
4472
4275
4052
3895
3725
3558
3446
3369
3296
3251
3216
3193
3187
3219
3275
3419
3683
4038
4489
4944
5201
5244
5191
5171
5111
5081
5053
5052
5038
5014
4996
4991
4953
4920
4854
4886
4929
4934
4939
4890
4858
4817
4788
4712
4700
4730
4679
4509
4343
4170
4005
3885
3719
3554
3440
3347
3257
3196
3160
3147
3125
3151
3183
3277
3399
3549
3727
3894
4102
4326
4492
4587
4602
4559
4539
4497
4451
4399
4359
4325
4261
4220
4219
4233
4253
4270
4324
4372
4433
4418
4406
4361
4334
4395
4362
4260
4143
4004
3879
3805
3669
3523
3395
3304
3229
3174
3149
3127
3114
3124
3134
3205
3306
3417
3561
3697
3884
4091
4256
4371
4422
4411
4357
4316
4291
4270
4238
4195
4145
4116
4106
4117
4148
4204
4293
4374
4477
4507
4512
4449
4446
4520
4475
4316
4112
3916
3730
3622
3490
3358
3230
3183
3126
3095
3066
3054
3043
3076
3152
3318
3570
3940
4378
4837
5106
5127
5044
4986
4927
4836
4896
4742
4737
4876
4880
4892
4861
4858
4854
4876
4936
5001
5066
5119
5221
5164
5130
5018
4955
4897
4787
4629
4433
4194
3966
3818
3668
3528
3433
3330
3274
3220
3171
3157
3172
3179
3271
3451
3675
4066
4486
4944
5191
5193
5121
5071
5025
4974
4945
4950
4973
4962
4976
4955
4927
4907
4904
4912
4944
4965
4973
4987
5026
5004
4977
4880
4897
4937
4846
4706
4535
4320
4092
3936
3757
3591
3487
3403
3346
3295
3270
3240
3227
3262
3327
3500
3749
4136
4588
5066
5325
5353
5257
5187
5119
5019
5016
4989
4956
4890
4870
4870
4851
4842
4839
4853
4909
4949
4951
4933
4989
4936
4899
4828
4850
4881
4797
4671
4465
4251
4036
3887
3725
3587
3476
3389
3324
3271
3244
3225
3210
3222
3272
3446
3686
4068
4481
4931
5201
5243
5150
5074
5023
4973
4957
4864
4827
4937
4937
4928
4904
4866
4857
4874
4924
4939
4942
4914
4943
4910
4897
4849
4864
4908
4791
4602
4410
4215
3999
3857
3701
3565
3452
3356
3297
3249
3204
3186
3182
3214
3289
3436
3691
4063
4485
4944
5198
5244
5173
5124
5064
5014
5052
5048
4992
4965
4941
4954
4924
4890
4873
4864
4899
4906
4899
4859
4921
4810
4793
4694
4699
4725
4643
4490
4361
4216
4038
3936
3787
3629
3507
3404
3321
3273
3238
3219
3201
3209
3253
3340
3502
3659
3834
4036
4246
4437
4591
4707
4731
4730
4678
4639
4605
4560
4503
4459
4409
4341
4308
4308
4338
4371
4415
4446
4528
4521
4513
4487
4510
4506
4430
4308
4179
4035
3888
3807
3682
3548
3432
3322
3252
3194
3147
3119
3101
3107
3145
3228
3324
3448
3582
3729
3876
4106
4295
4402
4480
4460
4437
4412
4385
4369
4342
4293
4241
4213
4204
4223
4269
4307
4390
4481
4600
4606
4611
4575
4604
4653
4560
4393
4220
4027
3828
3712
3568
3436
3341
3259
3199
3161
3149
3127
3126
3151
3217
3389
3650
4042
4497
4957
5201
5226
5161
5124
5056
5007
5003
4872
4867
4980
4984
4982
4942
4939
4945
4954
5001
5019
5033
5036
5055
4998
4974
4903
4927
4926
4813
4641
4450
4258
4021
3877
3717
3562
3456
3365
3294
3238
3204
3178
3176
3200
3269
3460
3728
4136
4561
5016
5255
5280
5204
5138
5080
5036
5026
5022
5014
4999
5010
5015
4995
4986
4982
4998
5047
5081
5066
5041
5048
5018
4974
4897
4961
4980
4858
4702
4494
4269
4046
3905
3729
3585
3484
3405
3328
3276
3227
3178
3166
3194
3259
3436
3693
4058
4504
4953
5196
5201
5125
5067
5028
5002
5016
5025
5020
5000
4974
4941
4923
4916
4929
4958
5003
5030
5055
5073
5115
5061
5048
5001
5025
4926
4780
4607
4432
4220
3986
3839
3693
3550
3439
3349
3281
3235
3211
3180
3207
3237
3300
3465
3733
4142
4598
5032
5301
5325
5259
5223
5173
5104
5122
4966
5000
5057
5068
5081
5060
5049
5054
5086
5165
5210
5231
5199
5283
5258
5233
5181
5213
5161
5030
4833
4606
4363
4115
3969
3793
3581
3525
3426
3354
3307
3268
3257
3261
3282
3347
3528
3782
4196
4641
5123
5419
5480
5428
5387
5320
5282
5228
5178
5050
5086
5065
5055
5020
4994
4966
4955
4974
4979
4989
4999
5036
4987
4968
4932
4951
4889
4764
4604
4445
4275
4094
3977
3818
3671
3554
3442
3357
3298
3252
3214
3197
3206
3249
3344
3476
3634
3800
4015
4236
4438
4612
4759
4799
4798
4741
4673
4625
4548
4474
4427
4369
4324
4302
4316
4361
4393
4449
4541
4610
4611
4590
4564
4541
4460
4342
4211
4104
4023
3875
3778
3662
3529
3419
3317
3235
3173
3137
3125
3118
3116
3135
3219
3324
3449
3573
3722
3908
4120
4312
4456
4525
4545
4504
4467
4430
4369
4313
4274
4217
4190
4182
4190
4220
4250
4308
4398
4497
4518
4540
4521
4607
4574
4436
4286
4114
3896
3716
3619
3497
3389
3286
3191
3132
3107
3066
3056
3057
3117
3189
3367
3627
4018
4440
4912
5161
5208
5131
5112
5078
5030
5006
5002
5000
4992
4992
4983
4977
4938
4963
4982
5062
5079
5092
5103
5133
5106
5067
5035
5091
5001
4849
4678
4485
4244
4018
3887
3741
3587
3469
3364
3288
3238
3198
3184
3162
3212
3276
3448
3705
4125
4585
5059
5289
5271
5179
5121
5064
5017
5006
4985
5016
5033
5039
5038
5012
5013
5020
5045
5120
5157
5171
5155
5172
5065
5043
5005
5076
5036
4895
4740
4518
4274
4058
3937
3762
3616
3490
3411
3333
3290
3258
3235
3224
3262
3324
3463
3737
4115
4588
5050
5257
5284
5210
5145
5128
5058
5053
4911
4882
4990
5009
5012
4997
4982
4971
4990
5031
5056
5077
5047
5123
5126
5112
5123
5162
5050
4939
4806
4658
4417
4183
4059
3881
3734
3602
3499
3434
3379
3344
3334
3312
3328
3395
3556
3807
4168
4618
5114
5367
5376
5300
5261
5217
5189
5163
5150
5135
5127
5141
5150
5122
5087
5041
5010
5038
5023
5002
4940
4948
4909
4903
4885
4950
4863
4763
4620
4478
4303
4131
3995
3822
3642
3499
3433
3312
3285
3220
3189
3172
3166
3203
3285
3403
3526
3673
3839
3994
4179
4333
4446
4493
4417
4472
4452
4435
4404
4363
4321
4242
4190
4167
4160
4169
4206
4250
4293
4359
4334
4330
4330
4390
4314
4214
4126
4015
3876
3733
3638
3501
3370
3254
3162
3099
3048
3022
2985
2979
2989
3036
3099
3225
3352
3495
3673
3849
4061
4245
4358
4398
4398
4353
4307
4192
4173
4202
4170
4133
4116
4123
4147
4179
4223
4279
4320
4404
4396
4415
4414
4468
4376
4252
4127
4020
3883
3769
3705
3606
3502
3387
3303
3236
3198
3151
3116
3104
3103
3090
3114
3154
3233
3365
3535
3699
3932
4151
4303
4370
4375
4321
4228
4211
4214
4182
4136
4065
4014
3977
3959
3949
3976
4026
4092
4180
4248
4352
4448
4568
4465
4340
4210
4111
3988
3849
3734
3598
3327
3241
3184
3134
3087
3048
3042
3031
3053
3088
3172
3315
3464
3632
3831
4046
4242
4349
4415
4437
4393
4351
4301
4265
4247
4224
4183
4145
4128
4136
4148
4191
4286
4402
4504
4640
4820
4946
4808
4637
4497
4319
4148
3965
3792
3617
3551
3443
3347
3265
3200
3140
3105
3070
3059
3073
3112
3193
3375
3625
4038
4420
4762
5002
5089
5121
5124
5108
5069
5077
5071
5077
5074
5062
5048
5001
4977
4971
4995
5037
5066
5097
5118
5253
5390
5530
5426
5234
5020
4770
4584
4420
4227
3990
3861
3713
3574
3474
3388
3344
3280
3249
3231
3240
3268
3350
3544
3824
4285
4769
5170
5338
5317
5242
5194
5131
5048
5112
5081
5130
5110
5106
5123
5080
5064
5061
5067
5119
5159
5197
5218
5384
5464
5615
5470
5288
5111
4943
4769
4573
4351
4155
4016
3873
3739
3667
3569
3502
3451
3410
3402
3403
3437
3514
3684
3977
4372
4828
5213
5427
5409
5323
5268
5211
5153
5135
5014
4956
5089
5099
5115
5066
5031
5033
5068
5141
5152
5175
5175
5304
5461
5652
5527
5360
5163
4993
4800
4595
4367
4159
4029
3882
3740
3632
3525
3451
3383
3342
3328
3328
3373
3434
3597
3872
4313
4765
5159
5366
5363
5297
5236
5167
5147
5129
5122
5099
5088
5062
5079
5055
5039
5021
4995
5017
5029
5033
5034
5105
5203
5316
5190
5034
4868
4719
4555
4422
4271
4119
4022
3866
3720
3604
3509
3424
3377
3346
3324
3321
3327
3350
3449
3626
3819
4001
4206
4430
4590
4724
4812
4835
4827
4795
4729
4683
4603
4549
4498
4422
4379
4351
4359
4364
4431
4535
4610
4763
4905
5016
4896
4715
4569
4421
4298
4210
4098
3956
3877
3758
3637
3548
3461
3382
3322
3277
3248
3237
3246
3270
3337
3450
3618
3762
3953
4182
4384
4545
4656
4663
4628
4557
4464
4430
4410
4364
4284
4257
4221
4210
4234
4282
4369
4493
4655
4885
5082
5156
5029
4871
4724
4575
4387
4200
4013
3841
3740
3596
3477
3408
3343
3284
3249
3227
3216
3213
3280
3362
3575
3827
4272
4755
5196
5444
5450
5373
5321
5260
5215
5172
5015
4850
5028
5091
5133
5129
5098
5083
5127
5226
5293
5382
5487
5685
5832
5854
5686
5480
5277
5091
4876
4653
4408
4171
4052
3892
3749
3645
3576
3516
3456
3413
3398
3394
3420
3483
3684
3988
4424
4930
5353
5618
5652
5612
5573
5502
5489
5479
5475
5483
5453
5491
5474
5444
5389
5356
5337
5403
5446
5553
5688
5890
6018
6053
5904
5768
5577
5383
5057
4720
4453
4198
4084
3922
3792
3684
3586
3505
3463
3431
3424
3428
3465
3542
3720
4023
4501
5050
5539
5787
5853
5812
5779
5747
5680
5623
5614
5603
5510
5461
5408
5351
5333
5310
5326
5431
5501
5594
5742
6075
6228
6273
6159
6018
5883
5663
5435
5144
4833
4537
4387
4225
4073
3979
3878
3805
3753
3729
3731
3733
3773
3853
4064
4399
4919
5503
5978
6105
6017
5866
5730
5625
5530
5470
5402
5273
5293
5257
5236
5168
5072
5090
5116
5241
5395
5551
5755
5994
6144
6188
6067
5927
5766
5581
5342
5053
4761
4501
4329
4142
3983
3860
3757
3666
3608
3573
3566
3570
3610
3688
3879
4166
4654
5168
5615
5812
5793
5662
5545
5420
5300
5214
5168
5136
5089
5051
5022
4968
4930
4900
4916
4996
5062
5151
5283
5516
5651
5696
5576
5438
5287
5155
4975
4783
4595
4408
4311
4153
3985
3847
3717
3616
3555
3517
3490
3475
3499
3544
3635
3776
3972
4179
4390
4633
4873
5052
5149
5179
5132
5065
4997
4962
4918
4854
4796
4724
4681
4662
4684
4726
4771
4904
5058
5266
5393
5389
5260
5100
4941
4810
4674
4524
4354
4186
4103
3942
3806
3693
3583
3509
3472
3429
3407
3400
3392
3419
3495
3617
3767
3921
4079
4310
4537
4723
4849
4901
4880
4792
4752
4708
4678
4612
4572
4505
4465
4456
4483
4542
4635
4762
4912
5186
5371
5371
5208
5037
4865
4700
4529
4334
4121
3934
3831
3703
3565
3480
3402
3344
3302
3266
3258
3252
3294
3360
3544
3817
4217
4623
4998
5277
5388
5431
5441
5414
5363
5334
5326
5312
5282
5223
5197
5141
5086
4924
4926
5064
5087
5137
5215
5447
5658
5684
5533
5325
5138
4948
4765
4627
4411
4176
4054
3901
3765
3657
3544
3469
3420
3377
3358
3350
3383
3450
3623
3875
4274
4656
5010
5250
5346
5346
5317
5258
5097
5081
5158
5136
5103
5067
5066
5053
5027
5016
5038
5080
5114
5175
5283
5525
5705
5722
5540
5365
5154
4981
4813
4606
4376
4159
4049
3891
3752
3660
3554
3477
3421
3375
3358
3355
3397
3479
3639
3916
4337
4735
5058
5290
5374
5385
5344
5291
5222
5166
5139
5122
5087
5033
4956
4956
4932
4930
4922
4937
4975
5055
5175
5470
5737
5805
5662
5526
5385
5241
5065
4846
4602
4358
4206
4031
3860
3764
3658
3576
3519
3488
3487
3495
3515
3594
3788
4063
4500
4975
5378
5628
5692
5607
5501
5373
5268
5183
4989
4986
5040
4983
4953
4911
4873
4857
4876
4938
5003
5101
5219
5460
5695
5741
5591
5416
5235
5071
4883
4683
4455
4236
4089
3933
3793
3686
3575
3498
3447
3423
3405
3402
3424
3470
3654
3908
4299
4697
5080
5328
5418
5420
5377
5297
5231
5163
5135
5087
5033
4986
4958
4904
4851
4832
4827
4830
4806
4906
4983
5200
5429
5434
5271
5114
4924
4791
4628
4482
4305
4129
4032
3896
3767
3644
3527
3435
3385
3347
3329
3315
3321
3359
3440
3564
3741
3897
4086
4323
4508
4653
4740
4765
4744
4690
4635
4582
4538
4476
4416
4354
4306
4286
4293
4322
4364
4475
4598
4870
5069
5034
4902
4748
4604
4484
4358
4224
4076
3944
3894
3805
3651
3554
3455
3383
3336
3307
3295
3272
3278
3311
3376
3487
3622
3766
3933
4144
4383
4553
4654
4682
4636
4614
4560
4511
4466
4405
4355
4294
4218
4218
4262
4292
4351
4484
4673
5011
5290
5295
5160
5008
4902
4754
4614
4425
4219
4014
3906
3769
3648
3564
3483
3423
3376
3348
3343
3344
3394
3486
3684
3963
4404
4831
5272
5502
5665
5668
5603
5514
5424
5364
5167
5144
5202
5158
5134
5088
5072
5071
5091
5144
5216
5347
5535
5858
5903
5785
5625
5525
5396
5214
5017
4766
4500
4246
4099
3969
3836
3738
3636
3551
3486
3443
3423
3432
3439
3514
3723
3962
4381
4799
5178
5444
5539
5512
5424
5345
5265
5204
5169
5142
5096
5034
5007
4992
4966
4957
4962
4980
5033
5108
5222
5556
5767
5768
5595
5445
5286
5098
4914
4734
4531
4312
4185
3987
3814
3701
3603
3517
3462
3427
3402
3379
3406
3459
3575
3697
3861
4034
4213
4413
4533
4637
4713
4714
4681
4620
4578
4539
4518
4483
4386
4351
4290
4282
4308
4353
4434
4572
4795
5157
5400
5401
5233
5092
4965
4828
4660
4478
4275
4082
3988
3826
3706
3604
3510
3444
3403
3374
3375
3386
3438
3508
3694
3988
4413
4845
5226
5520
5602
5564
5484
5369
5255
5210
5173
5130
5075
5046
5023
4990
4940
4916
4910
4932
4986
5070
5200
5551
5791
5795
5616
5472
5322
5168
4963
4765
4523
4299
4174
3995
3844
3735
3631
3544
3480
3448
3440
3439
3460
3533
3714
3974
4368
4783
5138
5394
5497
5492
5460
5384
5318
5252
5231
5194
5143
5099
5082
5027
4945
4933
4942
4954
5013
5094
5257
5537
5632
5582
5419
5259
5108
4950
4794
4613
4432
4266
4161
4000
3850
3731
3592
3539
3379
3412
3402
3387
3410
3450
3536
3675
3846
4028
4181
4403
4643
4876
5029
5105
5105
5086
5059
5023
4986
4947
4912
4850
4817
4797
4808
4862
4939
5060
5238
5487
5466
5400
5225
5052
4879
4762
4614
4479
4330
4186
4109
3975
3825
3692
3606
3541
3461
3396
3365
3339
3346
3366
3433
3485
3643
3806
3948
4144
4388
4604
4767
4867
4883
4898
4873
4850
4835
4787
4738
4663
4618
4608
4635
4681
4764
4907
5112
5453
5539
5449
5257
5078
4891
4715
4562
4369
4164
3965
3861
3732
3607
3523
3436
3386
3348
3324
3309
3315
3360
3437
3626
3890
4316
4848
5320
5584
5602
5494
5458
5402
5391
5407
5391
5339
5312
5292
5278
5237
5145
5111
5141
5231
5331
5432
5641
5960
5979
5918
5755
5579
5401
5209
4998
4775
4533
4295
4141
3942
3696
3594
3504
3428
3377
3331
3326
3351
3426
3517
3703
3966
4414
4928
5389
5636
5626
5502
5413
5312
5242
5202
5161
5150
5118
5095
5103
5053
5031
5025
5010
5055
5111
5222
5368
5726
5895
5857
5681
5495
5315
5143
4950
4741
4465
4214
4050
3875
3741
3629
3516
3436
3400
3368
3349
3345
3373
3452
3646
3932
4392
4893
5355
5593
5560
5471
5381
5268
5187
5165
5108
5066
5037
5000
4984
4939
4861
4905
4918
4963
5004
5089
5262
5678
5850
5848
5698
5548
5412
5262
5080
4862
4590
4328
4195
4035
3887
3782
3688
3607
3549
3511
3496
3494
3511
3597
3817
4128
4646
5197
5716
5977
5943
5774
5632
5442
5311
5261
5207
5175
5095
5058
5050
5002
4968
4932
4918
4957
5029
5148
5328
5764
5963
5940
5816
5693
5528
5356
5171
4952
4680
4408
4268
4083
3905
3789
3676
3622
3572
3535
3516
3514
3557
3652
3842
4168
4679
5202
5724
5986
5963
5779
5631
5498
5364
5295
5226
5168
5090
5034
4992
4934
4890
4865
4872
4895
4950
5048
5248
5585
5686
5648
5502
5347
5212
5055
4899
4767
4549
4355
4234
4038
3871
3758
3653
3565
3499
3454
3449
3427
3443
3477
3556
3722
3896
4101
4335
4566
4778
4903
4963
4969
4888
4865
4824
4773
4732
4671
4633
4546
4488
4482
4501
4529
4648
4837
5073
5392
5415
5331
5146
4925
4780
4653
4533
4380
4204
4005
3919
3802
3675
3538
3424
3335
3275
3237
3210
3194
3209
3257
3342
3438
3576
3724
3894
4114
4356
4552
4674
4722
4737
4673
4620
4562
4516
4458
4409
4338
4286
4238
4258
4311
4404
4563
4836
5290
5416
5372
5205
5057
4922
4786
4621
4423
4192
3970
3877
3740
3617
3520
3454
3408
3372
3351
3347
3351
3401
3490
3698
3995
4480
4988
5492
5746
5705
5568
5485
5368
5243
5181
5122
5087
5040
5019
4998
4951
4895
4866
4880
4931
4982
5127
5368
5797
5907
5854
5695
5513
5345
5193
4984
4753
4479
4226
4068
3900
3757
3641
3553
3481
3429
3400
3363
3335
3376
3458
3656
3955
4438
4961
5445
5667
5626
5467
5351
5242
5149
5106
5053
4992
4938
4916
4915
4866
4861
4831
4837
4919
4987
5107
5337
5784
5883
5833
5664
5496
5325
5125
4923
4711
4447
4191
4031
3867
3718
3609
3516
3453
3396
3367
3340
3340
3378
3458
3655
3947
4430
4971
5449
5719
5688
5514
5382
5261
5174
5150
5111
5052
4985
4964
4950
4907
4875
4860
4857
4890
4930
5023
5223
5677
5775
5748
5586
5444
5311
5146
4980
4782
4530
4273
4110
3930
3786
3634
3533
3498
3459
3400
3386
3381
3421
3491
3644
3941
4417
4950
5477
5764
5717
5535
5436
5343
5249
5203
5173
5117
5072
5049
5036
4976
4948
4926
4958
5034
5122
5253
5473
5878
5760
5759
5746
5573
5406
5213
5000
4769
4498
4286
4148
3958
3801
3690
3584
3494
3459
3421
3400
3393
3434
3503
3686
3960
4410
4890
5372
5481
5569
5560
5502
5414
5333
5279
5235
5034
5073
5121
4985
5054
4957
4985
4967
5031
5088
5212
5407
5682
5662
5575
5396
5209
5038
4871
4710
4531
4357
4155
4048
3893
3740
3622
3518
3433
3364
3330
3307
3293
3303
3335
3419
3541
3711
3921
4156
4382
4605
4790
4903
4928
4909
4907
4878
4849
4811
4771
4716
4664
4610
4555
4554
4622
4705
4870
5149
5408
5389
5268
5130
4968
4820
4686
4535
4394
4215
4079
3992
3876
3743
3624
3481
3424
3366
3322
3300
3289
3288
3305
3363
3476
3607
3765
3950
4179
4435
4705
4898
4998
5017
4950
4884
4806
4743
4669
4605
4545
4497
4471
4486
4528
4614
4794
5088
5409
5443
5378
5240
5082
4939
4813
4664
4449
4215
4012
3907
3760
3621
3510
3425
3361
3320
3280
3263
3278
3315
3399
3581
3865
4325
4846
5333
5603
5634
5531
5460
5376
5298
5279
5234
5214
5185
5185
5169
5102
5069
5044
5059
5144
5228
5377
5663
5995
5988
5905
5755
5563
5368
5172
4966
4734
4457
4207
4072
3913
3777
3691
3593
3495
3428
3389
3373
3370
3406
3470
3644
3924
4370
4860
5345
5623
5651
5557
5488
5428
5389
5355
5297
5262
5226
5172
5155
5140
5112
5065
5055
5150
5229
5349
5589
5924
5922
5845
5690
5515
5303
5174
4963
4701
4430
4203
4072
3915
3751
3644
3529
3452
3402
3372
3368
3364
3401
3477
3650
3922
4363
4852
5324
5519
5555
5475
5414
5351
5292
5274
5229
5210
5190
5158
5168
5139
5107
5079
5105
5208
5286
5398
5567
5933
5953
5890
5724
5575
5374
5256
5057
4805
4531
4260
4112
3941
3791
3680
3594
3524
3480
3438
3400
3398
3445
3531
3724
4007
4476
5005
5531
5813
5818
5716
5597
5470
5371
5260
5188
5133
5092
5033
5006
4959
4910
4903
4893
4979
5081
5254
5563
6017
6091
6085
5912
5773
5616
5435
5220
4976
4699
4413
4255
4066
3880
3754
3644
3561
3505
3463
3441
3438
3485
3584
3768
4051
4522
5043
5573
5885
5913
5785
5647
5507
5380
5282
5194
5133
5067
5017
4991
4911
4809
4802
4783
4827
4920
5059
5364
5718
5756
5688
5538
5398
5223
5078
4903
4725
4548
4326
4193
4003
3843
3715
3591
3511
3450
3415
3356
3331
3341
3372
3472
3589
3817
4010
4263
4505
4731
4894
4957
4952
4877
4837
4771
4730
4689
4632
4590
4503
4459
4461
4464
4501
4606
4831
5160
5466
5453
5352
5205
5034
4885
4772
4656
4519
4362
4225
4179
4062
3925
3788
3616
3484
3407
3356
3317
3280
3288
3316
3397
3467
3594
3744
3909
4111
4345
4575
4704
4775
4769
4717
4641
4580
4531
4461
4399
4328
4282
4264
4293
4355
4472
4692
5094
5483
5513
5453
5301
5137
4980
4815
4637
4392
4143
3920
3821
3684
3576
3502
3422
3355
3320
3290
3280
3301
3352
3429
3624
3908
4364
4883
5381
5657
5667
5579
5469
5354
5294
5224
5158
5126
5078
5041
5022
4967
4936
4893
4899
4996
5112
5303
5699
6103
6140
6021
5874
5693
5517
5315
5092
4822
4529
4259
4102
3928
3776
3685
3596
3526
3493
3456
3416
3414
3462
3534
3725
3996
4484
5001
5529
5816
5805
5692
5592
5496
5362
5323
5268
5215
5165
5122
5090
5056
5023
4991
5008
5078
5211
5403
5757
6095
6124
6061
5891
5712
5515
5337
5126
4879
4603
4341
4171
4013
3858
3742
3640
3584
3548
3485
3465
3454
3510
3590
3791
4055
4517
5030
5559
5839
5891
5863
5773
5731
5645
5586
5518
5473
5417
5381
5360
5295
5278
5238
5265
5385
5541
5845
6200
6429
6424
6365
6263
6130
5917
5780
5584
5311
4969
4638
4468
4273
4103
4001
3893
3804
3752
3713
3695
3686
3712
3786
3979
4258
4779
5365
5918
6178
6175
6106
5984
5829
5672
5573
5459
5385
5332
5264
5238
5164
5123
5038
5105
5217
5345
5583
5976
6306
6299
6273
6159
5998
5824
5690
5479
5197
4836
4556
4377
4167
4000
3879
3755
3690
3637
3604
3575
3567
3603
3680
3902
4195
4703
5222
5784
6025
6061
5978
5956
5935
5869
5794
5695
5565
5501
5448
5424
5361
5284
5218
5228
5299
5404
5613
5980
6258
6214
6155
6052
5916
5761
5569
5370
5152
4894
4634
4485
4299
4106
3952
3834
3738
3673
3621
3607
3594
3603
3639
3746
3863
4066
4285
4564
4849
5158
5385
5490
5461
5373
5268
5198
5122
5048
4968
4882
4788
4733
4706
4708
4740
4879
5165
5584
5933
5921
5806
5670
5490
5347
5210
5049
4880
4672
4474
4357
4181
4020
3884
3732
3637
3561
3501
3484
3472
3485
3513
3580
3635
3769
3916
4078
4316
4556
4849
5041
5165
5182
5139
5087
5045
5006
4918
4854
4761
4746
4753
4823
4947
5110
5377
5747
6086
6080
6021
5857
5727
5568
5400
5204
4926
4630
4363
4198
4029
3879
3778
3690
3627
3582
3542
3537
3545
3599
3683
3916
4215
4770
5370
6014
6229
6234
6187
6095
6069
6031
5969
5944
5931
5872
5827
5777
5704
5614
5534
5558
5707
5832
6094
6387
6607
6604
6567
6503
6490
6407
6244
6096
5820
5425
5031
4822
4558
4340
4209
4088
3998
3945
3899
3879
3884
3932
4032
4272
4598
5176
5770
6327
6458
6457
6327
6280
6205
6104
6054
5819
5854
5770
5700
5658
5594
5510
5453
5474
5526
5744
5984
6308
6581
6585
6527
6459
6459
6399
6221
6050
5775
5433
5029
4811
4567
4381
4272
4178
4090
4024
3985
3972
3982
4042
4129
4376
4715
5330
5953
6356
6460
6469
6422
6300
6201
6089
6074
5912
5794
5671
5606
5557
5486
5420
5366
5392
5524
5685
5944
6298
6527
6514
6491
6447
6407
6359
6277
6159
5913
5518
5137
4906
4644
4440
4339
4223
4134
4060
4015
3998
4000
4065
4154
4407
4740
5319
5917
6375
6470
6479
6444
6375
6246
6170
6084
5946
5820
5709
5640
5571
5527
5458
5400
5402
5518
5667
5907
6262
6527
6503
6487
6434
6424
6330
6210
6014
5760
5406
5070
4866
4644
4444
4303
4180
4091
4034
3979
3949
3949
4014
4124
4367
4685
5243
5786
6319
6473
6486
6449
6401
6290
6167
6061
5929
5807
5678
5583
5521
5428
5328
5278
5265
5324
5426
5672
6078
6325
6275
6209
6133
6001
5875
5740
5578
5353
5098
4840
4668
4467
4285
4135
4008
3916
3842
3769
3733
3711
3723
3752
3836
3937
4116
4301
4530
4794
5116
5387
5525
5561
5482
5436
5349
5263
5206
5130
5066
4988
4931
4907
4930
4988
5095
5427
5826
6040
5988
5884
5740
5559
5414
5271
5117
4951
4709
4509
4412
4243
4069
3939
3818
3711
3641
3599
3572
3545
3554
3574
3634
3703
3818
3935
4098
4331
4641
4945
5197
5339
5420
5417
5408
5379
5360
5258
5153
5061
4992
4951
4968
5011
5127
5343
5646
5863
5793
5685
5550
5380
5242
5108
4948
4749
4542
4346
4233
4073
3931
3799
3677
3584
3526
3469
3441
3408
3407
3438
3521
3600
3749
3870
4053
4265
4478
4770
5013
5155
5229
5235
5244
5227
5233
5181
5151
5087
5041
5018
5025
5092
5283
5569
5936
6142
6069
5940
5755
5570
5416
5223
4995
4774
4510
4234
4106
3937
3804
3695
3593
3541
3498
3457
3460
3466
3499
3573
3770
4019
4500
4959
5505
5853
5938
5890
5835
5783
5702
5681
5628
5619
5581
5524
5493
5429
5338
5288
5292
5397
5583
5795
6144
6432
6401
6360
6277
6159
6018
5829
5636
5369
5033
4700
4507
4287
4117
4001
3872
3766
3701
3657
3654
3666
3717
3801
3994
4232
4783
5331
5881
6160
6208
6141
6052
5949
5911
5899
5874
5880
5894
5881
5874
5861
5845
5823
5853
5963
6081
6279
6536
6649
6644
6567
6527
6466
6462
6360
6181
5922
5560
5165
4918
4667
4434
4267
4141
4047
4001
3966
3954
3954
3996
4081
4302
4607
5162
5750
6281
6456
6453
6397
6317
6200
6100
6042
5829
5705
5697
5757
5692
5625
5491
5458
5495
5617
5781
6006
6378
6646
6604
6599
6520
6485
6387
6230
6026
5739
5359
4997
4763
4516
4309
4165
4033
3934
3868
3801
3774
3769
3839
3930
4141
4430
4967
5498
6091
6326
6304
6239
6124
5985
5853
5767
5657
5572
5467
5403
5354
5278
5185
5133
5123
5200
5334
5598
5959
6233
6265
6232
6157
6074
5962
5843
5704
5505
5220
4942
4763
4552
4352
4198
4068
3966
3877
3825
3786
3763
3771
3811
3906
4028
4246
4462
4766
5102
5445
5640
5721
5684
5584
5464
5347
5249
5166
5074
5008
4917
4848
4821
4839
4899
5049
5354
5813
6068
6053
5947
5813
5609
5485
5357
5184
5028
4821
4615
4494
4297
4117
3968
3857
3747
3672
3605
3572
3548
3550
3560
3638
3715
3881
4031
4225
4443
4729
5067
5290
5393
5388
5350
5282
5204
5154
5095
5057
4976
4933
4912
4959
5051
5231
5598
6090
6272
6204
6098
6010
5921
5778
5584
5386
5141
4806
4524
4338
4152
3994
3875
3774
3696
3641
3596
3586
3593
3635
3707
3930
4216
4748
5281
5889
6281
6324
6261
6206
6114
6075
6028
5818
5762
5823
5876
5862
5833
5785
5765
5812
5992
6148
6336
6525
6686
6652
6562
6484
6388
6285
6083
5872
5574
5183
4806
4571
4336
4141
4008
3879
3789
3727
3686
3670
3658
3691
3777
3959
4233
4749
5274
5835
6192
6265
6222
6137
6050
5944
5960
5905
5884
5861
5824
5789
5725
5665
5637
5642
5748
5913
6189
6450
6568
6481
6494
6437
6298
6152
5960
5732
5413
5049
4701
4511
4281
4082
3957
3847
3772
3718
3667
3646
3627
3657
3726
3927
4211
4718
5224
5744
6078
6105
6025
5940
5830
5762
5696
5621
5562
5515
5471
5442
5392
5340
5287
5305
5411
5539
5758
6131
6365
6377
6354
6274
6127
5950
5766
5554
5319
5001
4682
4489
4269
4059
3946
3826
3744
3686
3642
3635
3623
3671
3775
3984
4264
4775
5298
5845
6161
6194
6030
5900
5760
5655
5578
5340
5253
5278
5292
5229
5171
5115
5090
5088
5194
5318
5562
5992
6346
6388
6302
6259
6151
6007
5897
5684
5389
5051
4720
4503
4289
4100
3985
3868
3789
3729
3690
3658
3649
3690
3769
3964
4241
4729
5255
5824
6168
6217
6125
6019
5860
5753
5655
5559
5459
5350
5267
5240
5185
5106
5033
5049
5119
5253
5478
5815
6100
6102
6044
5878
5736
5573
5400
5271
5052
4792
4540
4400
4214
4009
3860
3731
3632
3570
3529
3519
3498
3509
3524
3605
3708
3899
4075
4320
4593
4859
5053
5176
5183
5153
5083
5012
4924
4839
4759
4687
4584
4528
4518
4507
4545
4686
4987
5410
5656
5616
5477
5333
5159
5007
4890
4744
4606
4449
4280
4176
4030
3875
3753
3628
3544
3482
3424
3376
3365
3368
3383
3415
3484
3612
3747
3922
4141
4412
4675
4860
4947
4956
4894
4857
4796
4751
4701
4611
4564
4497
4476
4502
4585
4749
5066
5544
5895
5899
5796
5686
5534
5374
5204
5017
4712
4436
4224
4103
3906
3777
3691
3580
3498
3453
3424
3417
3436
3476
3555
3726
3976
4505
5044
5633
5967
6075
5998
5930
5855
5805
5772
5750
5724
5663
5605
5579
5543
5494
5441
5456
5601
5751
5942
6156
6383
6377
6312
6193
6062
5936
5717
5471
5178
4839
4523
4312
4123
3959
3856
3727
3640
3571
3518
3498
3497
3542
3628
3815
4087
4630
5174
5739
6088
6066
5950
5837
5722
5609
5556
5487
5411
5368
5333
5319
5261
5202
5171
5184
5298
5450
5704
6105
6328
6320
6285
6184
6050
5902
5706
5461
5178
4852
4538
4332
4132
3957
3851
3747
3657
3577
3536
3528
3529
3574
3652
3858
4146
4660
5221
5825
6174
6235
6149
6084
6002
5887
5810
5745
5718
5686
5673
5668
5616
5575
5552
5612
5801
5989
6209
6471
6621
6590
6559
6503
6446
6297
6142
5914
5593
5223
4853
4626
4381
4193
4068
3961
3874
3811
3773
3767
3771
3798
3881
4091
4377
4915
5484
6086
6383
6378
6349
6294
6226
6167
6081
5978
5883
5792
5752
5727
5644
5554
5503
5504
5616
5788
6040
6415
6593
6585
6556
6490
6501
6457
6339
6157
5881
5486
5090
4858
4637
4443
4305
4189
4100
4038
3998
3997
4001
4058
4147
4359
4641
5122
5819
6369
6527
6541
6469
6389
6333
6234
6159
6038
5867
5778
5633
5539
5429
5319
5277
5272
5365
5544
5877
6265
6493
6496
6451
6371
6350
6254
6164
5992
5747
5499
5206
5025
4821
4610
4460
4324
4210
4133
4081
4039
4016
4025
4057
4144
4268
4446
4673
4959
5280
5584
5827
5892
5876
5789
5650
5582
5469
5339
5166
5058
4939
4869
4834
4842
4920
5103
5421
5916
6169
6190
6085
5953
5756
5625
5479
5324
5154
4961
4732
4632
4441
4250
4102
3969
3888
3818
3750
3723
3689
3682
3703
3763
3844
3986
4106
4278
4514
4803
5109
5284
5347
5340
5211
5090
5019
4955
4868
4800
4715
4656
4634
4647
4726
4921
5249
5725
6115
6138
6070
5936
5768
5619
5440
5236
4971
4684
4412
4269
4082
3909
3799
3706
3625
3574
3543
3547
3559
3614
3690
3886
4133
4668
5254
5854
6208
6286
6220
6211
6134
6084
5964
5847
5783
5732
5672
5680
5636
5574
5513
5523
5639
5833
6122
6496
6705
6730
6674
6573
6535
6443
6231
6001
5763
5366
4992
4797
4567
4365
4231
4130
4049
3980
3929
3913
3897
3931
4004
4227
4539
5132
5754
6336
6481
6511
6494
6477
6401
6360
6300
6272
6184
6080
6083
6029
5991
5963
5923
5947
6121
6248
6441
6705
6931
6905
6883
6796
6688
6590
6521
6331
6093
5684
5252
4972
4715
4508
4360
4242
4141
4095
4052
4038
4045
4087
4151
4342
4677
5321
5908
6470
6655
6655
6601
6547
6440
6327
6240
6048
5882
5751
5641
5548
5472
5434
5401
5417
5507
5670
5946
6379
6724
6736
6713
6685
6652
6533
6391
6150
5915
5517
5127
4876
4643
4444
4305
4202
4105
4023
3980
3961
3961
4009
4089
4289
4603
5199
5771
6304
6480
6490
6440
6363
6259
6169
6040
5931
5824
5678
5593
5525
5432
5379
5333
5328
5437
5597
5860
6218
6528
6565
6521
6446
6365
6310
6194
6043
5776
5428
5064
4852
4610
4419
4280
4159
4081
4017
3972
3961
3957
4002
4080
4287
4620
5186
5698
6254
6507
6559
6460
6406
6321
6268
6207
6024
5870
5742
5604
5518
5411
5324
5252
5255
5317
5429
5685
6079
6398
6428
6383
6315
6304
6257
6157
5979
5725
5427
5130
4935
4713
4534
4381
4268
4147
4077
4002
3985
3964
3971
4015
4122
4251
4466
4650
4971
5365
5745
5930
6032
5968
5862
5702
5583
5455
5324
5191
5084
4958
4868
4828
4841
4925
5140
5507
5980
6240
6247
6225
6120
5980
5898
5804
5649
5431
5170
4902
4754
4550
4337
4171
4041
3943
3856
3820
3769
3734
3731
3743
3789
3882
4047
4182
4377
4638
4935
5264
5499
5601
5642
5600
5515
5435
5364
5313
5260
5229
5254
5289
5315
5361
5487
5782
6118
6299
6278
6217
6072
5914
5763
5569
5334
5067
4732
4454
4242
4097
3943
3837
3735
3665
3620
3588
3572
3570
3621
3703
3930
4225
4776
5312
5875
6226
6274
6164
6053
5906
5817
5749
5630
5604
5569
5513
5526
5452
5389
5362
5369
5506
5590
5809
6237
6529
6508
6452
6392
6328
6189
5993
5736
5451
5085
4735
4535
4308
4138
4070
3969
3887
3841
3785
3783
3806
3854
3942
4144
4453
5001
5570
6193
6416
6426
6370
6253
6140
6072
5937
5788
5671
5562
5470
5430
5363
5296
5254
5267
5383
5529
5820
6230
6575
6578
6533
6475
6477
6424
6324
6149
5888
5497
5143
4916
4675
4479
4345
4234
4145
4085
4051
4024
4017
4048
4160
4406
4735
5326
5892
6465
6581
6591
6527
6495
6433
6355
6300
6134
5956
5841
5734
5653
5572
5487
5441
5462
5557
5719
6021
6453
6679
6634
6606
6564
6524
6471
6417
6261
5921
5469
5062
4819
4573
4361
4216
4086
4002
3937
3885
3868
3881
3932
4003
4212
4519
5087
5649
6213
6401
6441
6358
6277
6180
6080
6014
5961
5885
5779
5676
5601
5520
5436
5396
5431
5562
5744
6054
6388
6566
6611
6565
6434
6346
6323
6239
6045
5726
5356
5002
4771
4513
4311
4167
4045
3964
3895
3849
3820
3813
3858
3945
4142
4429
4983
5543
6145
6398
6434
6363
6236
6095
5906
5804
5685
5583
5487
5399
5355
5285
5220
5181
5186
5247
5373
5556
5929
6307
6349
6290
6198
6072
5946
5773
5581
5366
5086
4816
4650
4439
4242
4084
3952
3843
3773
3730
3699
3676
3674
3694
3776
3880
4085
4270
4523
4805
5110
5347
5487
5510
5481
5404
5329
5250
5161
5052
4975
4905
4841
4800
4794
4850
4981
5198
5542
5848
5873
5772
5620
5470
5325
5205
5048
4860
4644
4442
4335
4147
3975
3837
3726
3626
3580
3531
3498
3495
3513
3523
3586
3662
3804
3933
4125
4339
4625
4894
5122
5219
5248
5208
5160
5127
5102
5046
5007
4935
4880
4843
4842
4896
5007
5228
5602
5928
5927
5844
5696
5535
5401
5241
5054
4826
4571
4325
4181
4015
3857
3741
3654
3542
3476
3438
3396
3402
3433
3505
3702
3956
4417
4872
5317
5648
5817
5894
5879
5813
5786
5741
5667
5599
5535
5499
5493
5453
5430
5414
5418
5480
5584
5814
6186
6502
6481
6437
6321
6177
6001
5839
5623
5340
5001
4681
4528
4329
4163
4043
3944
3848
3790
3763
3762
3771
3816
3883
4090
4356
4818
5297
5775
6099
6260
6299
6248
6156
6053
5940
5820
5718
5631
5545
5484
5430
5197
5317
5375
5452
5573
5806
6211
6554
6613
6559
6451
6377
6215
6051
5808
5538
5190
4848
4679
4445
4273
4158
4034
3957
3893
3856
3842
3840
3886
3966
4188
4502
5067
5586
6091
6357
6411
6426
6348
6204
6082
5922
5770
5661
5563
5472
5404
5318
5232
5197
5218
5299
5449
5654
6081
6494
6472
6456
6349
6281
6092
5936
5686
5444
5112
4801
4643
4422
4220
4078
3964
3879
3830
3790
3782
3786
3837
3917
4103
4404
4923
5388
5863
6148
6306
6230
6154
5993
5820
5692
5470
5461
5378
5319
5249
5197
5139
5134
5140
5187
5294
5500
5908
6333
6400
6415
6363
6286
6161
6017
5814
5558
5221
4910
4703
4489
4292
4148
4032
3943
3883
3840
3827
3824
3870
3944
4151
4437
4948
5438
5931
6284
6402
6434
6385
6265
6103
5947
5830
5706
5590
5501
5470
5373
5301
5246
5249
5268
5328
5536
5898
6317
6354
6313
6226
6070
5897
5743
5569
5352
5071
4804
4626
4412
4215
4062
3948
3860
3769
3706
3654
3645
3664
3698
3775
3852
4076
4262
4502
4771
5075
5364
5484
5463
5338
5257
5143
5038
4967
4885
4813
4720
4651
4617
4645
4715
4872
5138
5545
5854
5850
5750
5631
5497
5351
5224
5092
4913
4718
4508
4399
4228
4063
3937
3808
3712
3643
3584
3566
3538
3539
3554
3600
3676
3812
3949
4120
4362
4648
4931
5158
5290
5341
5300
5284
5269
5242
5203
5168
5123
5125
5102
5122
5143
5233
5421
5736
6033
6073
6023
5873
5700
5525
5375
5192
4951
4702
4456
4309
4131
3963
3831
3722
3648
3598
3567
3580
3590
3628
3683
3855
4084
4518
4957
5409
5696
5880
5916
5889
5826
5745
5660
5587
5530
5455
5371
5329
5240
5163
5139
5130
5177
5270
5462
5828
6294
6368
6334
6184
6022
5835
5671
5452
5164
4846
4569
4417
4233
4061
3927
3821
3725
3659
3623
3614
3607
3635
3718
3925
4199
4669
5168
5652
5963
6120
6151
6038
5852
5713
5585
5447
5403
5328
5260
5225
5141
5080
5043
5042
5087
5167
5349
5724
6231
6356
6341
6220
6089
5934
5769
5553
5294
4980
4713
4535
4337
4154
4037
3918
3845
3788
3744
3735
3737
3775
3863
4067
4356
4837
5323
5804
6115
6243
6241
6157
5984
5862
5723
5623
5518
5424
5352
5305
5190
5055
5086
5083
5148
5273
5476
5860
6345
6371
6390
6312
6185
5999
5817
5616
5360
5030
4709
4532
4325
4149
4016
3893
3807
3733
3703
3696
3704
3735
3811
3999
4279
4724
5189
5695
6002
6111
6105
6058
5972
5805
5739
5646
5552
5476
5422
5391
5300
5225
5198
5211
5303
5415
5625
5774
6281
6359
6347
6247
6093
5954
5775
5568
5307
4975
4694
4523
4330
4156
4022
3914
3840
3763
3729
3722
3726
3765
3811
3992
4260
4745
5231
5734
6029
6180
6199
6146
6053
5919
5759
5493
5473
5376
5292
5225
5148
5103
5074
5074
5104
5204
5401
5680
6120
6230
6207
6102
5957
5790
5651
5475
5281
5008
4765
4616
4394
4193
4052
3924
3816
3746
3684
3646
3635
3642
3661
3748
3856
4063
4265
4505
4754
5042
5270
5392
5434
5345
5327
5257
5163
5062
4969
4876
4769
4685
4660
4671
4710
4857
5110
5456
5801
5838
5726
5580
5403
5246
5150
5019
4849
4640
4420
4311
4146
3959
3814
3688
3587
3516
3466
3429
3396
3393
3399
3450
3546
3695
3822
4011
4234
4509
4775
4967
5089
5118
5075
5033
4986
4925
4831
4745
4680
4611
4569
4567
4605
4717
4928
5331
5815
5991
5957
5838
5709
5555
5408
5224
4991
4690
4414
4258
4075
3910
3814
3717
3639
3592
3553
3551
3539
3602
3698
3916
4210
4775
5392
6031
6402
6393
6273
6166
6009
5828
5758
5672
5629
5554
5491
5469
5409
5350
5331
5348
5470
5606
5837
6184
6529
6589
6564
6461
6404
6316
6142
5906
5626
5232
4883
4662
4451
4271
4139
4028
3925
3872
3832
3830
3830
3882
3955
4150
4456
5044
5696
6334
6568
6572
6460
6361
6214
6036
5925
5797
5690
5603
5529
5494
5423
5379
5340
5342
5462
5611
5833
6176
6550
6647
6613
6539
6496
6411
6305
6129
5810
5396
5038
4807
4586
4371
4217
4098
4017
3956
3920
3911
3901
3963
4049
4273
4588
5196
5857
6453
6593
6580
6502
6392
6225
6032
5955
5858
5727
5603
5523
5468
5399
5362
5307
5333
5467
5597
5854
6234
6558
6592
6589
6518
6462
6373
6225
5985
5683
5307
4941
4729
4504
4306
4160
4035
3929
3863
3812
3803
3797
3838
3906
4114
4395
4912
5476
6030
6292
6267
6176
6066
5921
5801
5704
5588
5482
5309
5223
5155
5067
4963
4947
4912
5046
5153
5354
5723
6244
6456
6446
6408
6289
6117
5954
5741
5498
5174
4852
4679
4449
4275
4143
4034
3937
3864
3797
3782
3769
3812
3889
4088
4398
4992
5618
6229
6505
6517
6463
6361
6187
6059
5958
5820
5698
5566
5451
5380
5293
5235
5199
5182
5263
5395
5547
5833
6247
6348
6299
6152
6011
5845
5677
5500
5276
5050
4778
4615
4383
4199
4057
3916
3808
3716
3663
3618
3568
3580
3607
3701
3831
4047
4276
4574
4896
5170
5350
5412
5399
5321
5197
5082
4999
4909
4824
4763
4678
4608
4551
4594
4682
4810
5007
5346
5760
5871
5817
5679
5490
5324
5195
5048
4888
4664
4436
4337
4162
3993
3861
3740
3639
3573
3522
3481
3437
3434
3442
3515
3616
3777
3933
4138
4368
4635
4862
5012
5046
5043
4966
4940
4891
4864
4810
4736
4635
4566
4613
4677
4815
4956
5148
5432
5855
6046
6013
5891
5725
5573
5440
5306
5073
4767
4465
4286
4069
3914
3824
3742
3671
3633
3601
3601
3602
3639
3702
3939
4293
4884
5475
6113
6400
6397
6303
6180
6002
5846
5697
5406
5303
5305
5278
5248
5177
5117
5065
5076
5182
5297
5490
5850
6374
6500
6483
6453
6386
6241
6082
5849
5564
5194
4833
4630
4400
4226
4096
3977
3880
3809
3758
3739
3745
3788
3856
4068
4390
5004
5605
6205
6475
6480
6436
6327
6179
6070
5966
5839
5734
5647
5541
5454
5392
5319
5279
5314
5433
5571
5745
6006
6383
6479
6422
6327
6255
6133
5933
5693
5413
5048
4696
4504
4293