249
227
247
310
344
354
352
357
336
304
320
284
243
222
206
208
180
175
231
240
250
218
217
221
194
196
172
158
156
139
105
87
96
99
118
141
159
165
161
155
156
173
159
160
164
164
155
146
152
136
131
132
141
143
158
169
162
162
142
147
164
173
158
157
166
183
188
178
177
170
171
163
175
169
175
164
168
188
209
212
252
257
256
256
260
270
269
277
266
267
261
261
267
307
299
279
282
267
278
295
290
262
261
264
228
236
262
248
218
211
184
195
202
204
215
228
212
219
209
216
215
233
230
223
231
234
235
248
250
250
281
332
352
338
333
310
280
261
266
287
283
264
241
230
223
222
236
211
209
217
215
214
217
217
194
164
164
179
182
178
162
124
101
99
104
105
120
129
121
110
94
79
81
78
89
87
74
92
105
96
75
61
58
66
65
63
70
65
61
57
56
52
46
55
62
59
68
65
53
58
65
57
75
108
122
100
100
101
57
28
26
26
27
26
31
29
30
33
48
65
53
48
36
28
35
49
51
57
77
84
91
89
106
98
74
60
60
71
77
90
99
121
142
147
147
147
154
165
160
167
158
151
173
169
175
173
177
189
185
187
199
222
210
203
213
217
236
233
241
248
251
256
264
262
261
279
262
259
247
221
237
243
260
290
289
276
247
241
243
223
246
263
273
275
270
257
279
305
321
325
297
304
296
279
271
252
220
213
202
177
182
179
159
162
179
185
200
203
217
182
134
118
100
97
115
119
113
122
109
133
176
205
217
261
227
249
243
239
231
218
233
221
200
192
185
192
207
204
206
184
177
168
143
107
142
149
149
176
209
186
179
177
187
185
208
248
238
231
235
241
233
233
237
236
242
240
241
256
267
267
251
239
217
199
237
237
236
247
245
240
231
249
250
232
224
188
170
187
213
242
200
201
200
197
199
188
201
206
199
171
130
107
103
97
87
115
131
141
142
148
119
115
120
146
174
207
202
191
180
190
199
203
204
208
216
229
220
239
304
283
292
296
308
292
279
259
255
258
260
215
226
271
228
217
258
307
311
326
320
313
280
307
261
258
257
267
270
273
307
366
367
319
287
295
254
226
204
186
164
156
144
135
124
121
122
122
127
118
113
106
118
137
150
151
142
160
200
241
243
260
271
281
288
272
251
268
288
297
306
296
284
298
348
345
360
346
331
339
348
364
366
381
370
381
399
399
375
398
413
425
445
445
425
445
455
426
436
447
423
409
409
422
428
429
391
387
396
414
372
341
281
276
291
317
330
346
347
350
362
363
372
369
383
373
388
390
392
382
393
403
402
422
425
427
435
434
428
427
438
430
435
428
430
422
407
405
407
409
399
385
377
375
364
360
351
354
357
341
321
313
290
305
305
292
260
244
274
271
270
276
278
284
322
295
252
197
120
97
82
84
112
122
117
128
163
169
148
164
175
186
177
165
184
164
136
144
119
105
89
81
81
55
58
63
65
54
71
70
43
55
76
94
168
137
101
112
136
139
128
143
161
156
153
142
111
101
138
173
193
190
174
149
141
155
155
184
174
172
158
136
127
164
90
108
162
166
178
197
227
257
252
214
215
245
265
254
287
299
319
329
325
346
354
338
350
357
358
354
353
341
346
324
311
317
313
298
306
292
290
306
333
361
357
352
326
332
346
358
381
380
385
348
286
279
300
309
297
270
291
281
289
277
276
287
237
294
334
340
316
323
334
318
280
259
262
273
246
208
243
275
267
241
243
301
309
341
383
390
401
365
321
326
335
316
322
316
304
293
293
320
299
283
293
324
329
305
275
291
300
309
290
275
311
315
316
309
316
336
266
244
266
308
358
408
429
422
396
357
356
330
327
334
329
340
352
348
353
341
355
366
341
333
308
265
228
174
162
175
205
195
150
134
154
150
143
191
231
266
178
124
185
216
222
235
209
184
143
139
106
91
82
70
60
67
78
95
86
73
62
57
51
49
38
39
39
34
35
45
47
49
64
75
79
64
42
46
35
28
22
36
53
71
56
43
40
28
27
24
22
27
34
17
21
55
42
63
46
39
39
27
39
51
49
62
78
80
83
79
64
55
37
27
33
37
41
66
88
115
125
125
141
135
137
146
143
143
149
149
146
157
202
197
210
220
205
173
152
146
138
145
171
184
191
182
175
180
194
192
188
166
156
143
138
134
138
132
126
125
129
130
132
130
134
135
131
126
131
132
132
129
124
122
131
137
138
139
127
121
119
122
120
114
112
125
152
168
178
196
218
220
218
236
221
188
190
160
148
145
149
194
200
195
190
183
145
140
130
152
187
219
200
190
203
197
181
191
174
167
150
139
123
84
78
64
48
48
43
38
39
39
37
33
36
32
29
26
36
31
30
24
21
15
9
12
21
18
9
6
7
20
27
30
36
38
48
49
48
47
42
48
51
51
49
53
56
57
61
61
71
77
82
83
84
80
77
78
83
83
83
85
84
88
94
101
109
115
127
132
134
136
135
139
140
135
136
136
133
134
141
142
150
166
177
194
199
208
215
219
224
223
230
235
253
265
262
261
271
258
229
219
228
233
238
232
232
242
253
236
214
189
175
166
156
140
144
157
153
143
146
152
138
120
115
108
113
141
163
172
184
192
194
194
208
211
217
220
226
236
237
264
276
281
280
287
286
274
265
254
257
247
218
217
231
252
270
281
272
264
274
282
277
270
247
231
224
208
213
209
204
201
198
191
184
185
198
197
192
187
178
164
151
152
160
167
174
174
178
172
163
162
153
159
170
163
155
149
140
128
136
138
144
140
158
192
207
204
197
188
171
171
172
164
147
128
113
104
100
105
119
110
92
85
88
99
123
151
159
146
155
172
187
201
203
190
162
161
164
169
197
214
219
209
203
193
191
178
176
173
171
175
151
142
128
111
110
109
101
88
88
82
77
71
71
79
87
88
90
93
99
110
111
116
135
138
156
162
146
166
184
166
197
232
233
236
243
233
181
182
192
188
169
178
169
150
147
125
115
117
118
114
124
136
173
187
189
201
197
190
175
143
126
128
130
126
130
137
149
156
167
168
174
157
158
155
146
145
129
113
112
121
104
109
117
124
120
119
120
116
124
139
172
171
185
203
226
190
189
197
216
232
219
211
192
169
151
151
138
140
159
166
167
167
142
112
98
78
51
54
73
64
56
49
30
25
19
10
6
11
16
15
18
35
45
50
53
55
68
85
112
124
116
119
120
104
99
88
85
100
131
130
127
144
155
142
160
171
166
171
178
181
170
182
183
175
176
170
158
156
132
105
103
114
115
115
128
140
140
150
166
171
175
199
209
219
217
218
208
211
214
200
199
209
206
195
193
186
188
170
155
167
179
184
189
184
176
184
177
172
181
183
176
165
153
143
133
131
135
135
135
136
134
131
126
124
125
124
128
151
174
189
194
204
218
219
213
214
204
211
215
203
195
174
167
166
174
185
202
217
234
227
230
236
246
249
265
232
242
264
260
248
246
244
234
256
269
276
279
282
290
280
287
293
285
301
303
322
311
298
311
308
329
338
337
348
347
335
309
287
283
278
278
274
277
292
296
301
308
309
324
321
326
330
341
347
342
331
321
316
310
306
302
300
285
277
270
271
268
276
281
282
275
271
268
264
246
228
221
230
220
195
190
166
159
143
147
138
139
136
129
129
130
124
127
124
136
138
136
131
142
163
162
166
169
166
151
132
127
126
117
99
95
74
65
46
37
33
36
34
37
34
29
29
28
35
37
47
45
43
42
44
32
31
25
18
18
22
25
35
41
36
37
38
37
44
50
50
50
48
70
77
75
84
86
83
88
91
102
100
93
107
116
97
96
105
126
142
161
184
200
179
205
221
217
254
247
237
219
191
185
188
217
261
273
274
263
287
254
259
285
264
279
282
243
238
250
273
275
308
298
288
316
366
415
430
428
426
429
443
429
421
420
407
417
407
394
386
394
404
423
422
388
387
385
383
388
419
446
452
452
449
452
448
442
426
421
368
366
377
355
385
385
362
395
388
396
357
339
314
316
328
302
296
321
352
345
355
336
320
322
315
321
304
331
339
350
353
280
259
299
337
372
353
345
372
367
386
401
392
387
403
435
431
404
414
431
421
401
390
380
346
305
270
296
300
309
325
333
340
338
339
354
388
398
378
322
371
365
363
346
314
278
283
256
277
300
289
326
354
380
398
396
387
384
381
392
385
393
406
406
413
419
417
437
436
428
422
418
429
444
435
441
451
446
416
426
431
437
441
458
448
439
423
413
382
327
364
403
348
294
264
266
272
252
258
224
228
226
209
231
209
167
162
176
230
267
272
249
242
265
243
273
298
273
325
353
340
352
322
323
281
235
275
295
344
330
293
304
334
344
353
404
388
362
337
345
341
356
338
310
255
267
304
364
376
367
374
386
397
407
393
392
377
379
388
391
381
382
389
385
377
368
339
290
276
238
201
207
241
258
304
306
318
303
278
228
183
149
158
121
101
114
141
140
144
133
129
134
128
128
130
122
109
110
115
109
103
110
123
132
93
99
148
158
156
165
143
112
105
132
153
150
140
115
94
89
74
66
77
96
88
102
129
107
133
120
136
167
174
173
194
132
110
124
132
159
164
160
194
228
222
179
185
186
204
208
226
253
262
263
256
249
258
264
263
258
262
278
278
281
279
253
262
266
279
277
224
224
239
228
245
275
286
277
270
284
282
272
277
260
234
212
209
208
193
170
174
199
189
226
236
262
252
250
266
274
277
304
336
334
349
355
342
320
336
334
366
362
335
277
222
240
282
333
394
397
371
348
317
296
307
358
348
322
306
334
322
316
314
355
356
377
361
348
339
336
335
321
272
262
254
256
282
297
312
327
316
294
283
286
314
293
311
330
323
322
319
294
340
394
371
346
321
329
324
273
294
297
243
234
252
243
269
282
262
242
272
290
272
283
285
266
267
272
280
273
278
253
240
252
318
358
383
407
393
383
363
342
338
336
332
354
360
352
328
322
292
281
312
336
324
287
284
277
267
236
245
204
217
265
276
239
228
222
233
220
245
321
344
321
332
392
399
379
299
295
326
311
310
319
313
333
347
334
334
325
314
307
319
323
318
317
319
329
324
319
318
302
279
288
292
285
276
272
271
277
284
259
255
277
278
292
293
283
265
221
254
301
295
274
277
252
250
242
237
260
290
298
310
306
331
337
338
342
360
371
381
375
352
369
359
336
319
299
263
245
236
215
207
176
197
281
212
163
175
146
125
222
291
284
278
264
282
301
322
332
302
301
280
270
272
297
305
303
286
288
271
253
270
272
285
265
286
319
317
284
224
199
174
127
129
132
123
106
84
91
70
44
34
41
20
6
4
3
3
2
3
4
9
16
23
46
74
99
116
96
105
84
72
62
40
28
26
33
29
25
32
33
37
34
53
86
92
94
102
115
129
128
126
116
113
103
101
76
69
66
61
46
35
30
30
29
30
22
17
19
22
23
21
12
12
10
16
13
10
4
0
0
0
2
1
0
0
0
1
2
7
9
9
6
9
17
19
20
18
17
15
20
26
49
51
37
30
29
16
10
11
16
17
20
21
23
30
34
41
55
72
62
49
66
69
65
65
55
64
94
85
52
58
61
50
39
32
27
36
37
24
12
11
16
20
19
11
16
22
17
20
19
11
7
9
6
6
10
6
13
15
21
17
24
39
53
52
57
50
49
35
37
43
44
52
46
31
24
11
13
13
11
13
14
20
23
38
57
51
66
83
104
99
92
91
97
103
100
104
87
96
110
111
109
121
112
121
127
132
135
108
99
95
91
89
102
82
80
64
56
48
46
47
45
55
58
60
73
92
106
100
107
117
136
136
156
189
195
223
212
216
245
280
275
256
243
228
239
251
251
249
263
285
290
285
307
328
326
325
329
331
323
327
325
306
307
290
279
269
298
298
308
299
275
285
312
314
323
314
311
298
309
328
332
360
370
394
384
369
356
357
378
385
386
378
372
365
406
409
415
412
381
381
0
0
368
355
341
330
386
391
383
391
366
357
396
400
395
377
362
368
361
366
377
405
419
407
407
389
361
362
362
373
373
373
385
389
388
387
388
389
379
376
371
380
375
381
382
378
379
370
360
345
320
320
316
322
323
321
321
320
306
306
310
328
341
368
366
348
343
355
378
372
383
370
378
378
331
338
341
379
396
369
368
385
377
330
269
288
296
284
235
227
179
172
193
212
186
198
191
183
179
163
175
241
266
271
258
244
208
126
86
49
41
37
38
12
7
13
25
14
3
3
2
1
3
3
4
3
2
4
3
4
7
9
16
19
16
21
43
80
121
118
107
103
86
88
85
80
75
94
115
115
95
91
94
98
106
117
113
103
109
112
120
121
124
120
117
123
129
110
117
125
103
73
43
41
43
57
55
63
71
56
66
63
64
78
80
74
60
66
87
106
107
124
132
180
230
240
225
239
290
337
310
294
280
330
374
396
396
385
388
359
359
366
367
334
315
327
324
318
302
300
377
379
386
357
389
391
405
389
370
354
341
312
280
277
315
335
329
292
276
256
214
172
147
145
144
108
108
148
182
181
172
153
155
143
122
150
157
148
139
106
100
102
104
99
100
103
104
120
123
117
107
138
144
144
136
137
140
140
118
115
134
167
172
161
171
176
172
162
162
169
213
187
177
191
211
204
189
170
153
131
130
177
201
137
128
125
142
137
139
151
153
118
101
87
52
73
122
107
121
121
126
137
127
123
138
140
126
112
82
74
72
69
84
107
122
123
124
109
103
100
102
89
61
47
67
137
192
172
171
232
296
337
355
333
319
323
326
319
316
326
351
331
303
294
271
260
254
273
288
322
309
326
320
318
327
320
308
307
302
300
296
298
295
290
292
297
291
286
267
262
265
282
278
272
254
221
236
244
243
264
293
294
278
260
253
261
260
262
278
275
280
278
275
277
273
267
260
256
247
235
232
231
256
273
277
266
273
275
285
279
254
273
295
303
308
317
346
358
362
401
405
389
382
400
401
399
412
423
419
417
422
429
432
422
400
392
399
409
406
404
402
395
404
405
408
421
425
431
437
430
394
367
350
351
351
340
332
364
362
375
372
378
372
358
352
339
299
305
365
354
342
316
293
240
215
289
310
283
278
285
270
276
273
247
215
207
192
194
185
183
167
139
135
132
111
127
129
151
191
163
161
165
165
153
157
153
148
132
126
108
106
104
101
95
80
62
50
40
32
20
10
4
2
4
13
21
47
85
99
141
188
242
290
294
276
289
301
318
292
269
285
311
325
329
334
340
339
322
320
331
315
287
254
237
210
219
241
230
216
190
174
168
142
172
178
158
154
146
159
125
114
125
123
158
192
204
192
131
107
100
81
62
64
63
74
74
73
107
117
116
112
108
109
94
98
105
108
131
177
184
220
203
197
184
161
148
135
140
146
151
163
164
181
176
174
188
192
190
198
187
210
205
180
181
154
150
162
181
230
246
268
256
245
245
229
222
234
253
264
265
271
285
285
269
227
225
250
225
203
203
211
216
229
200
203
201
178
198
179
170
163
166
185
191
190
201
204
208
231
217
206
209
216
212
218
205
182
180
182
197
214
169
162
100
123
161
172
158
140
126
104
109
114
112
133
120
78
57
65
56
45
51
58
63
58
58
52
42
40
33
22
17
14
13
20
28
25
20
16
19
15
10
7
10
17
37
46
47
63
73
114
122
136
153
169
157
146
144
128
133
135
142
165
191
215
223
224
251
252
266
272
294
297
309
300
318
340
357
367
358
354
371
358
349
302
286
275
267
261
242
241
244
248
259
302
343
376
386
389
380
375
359
298
234
243
227
180
158
149
130
112
100
101
96
86
76
78
83
84
94
84
76
71
66
65
61
63
60
79
75
68
74
65
51
64
54
55
51
60
49
56
46
45
52
63
69
75
87
101
117
123
127
159
180
185
210
235
269
271
263
290
293
285
292
286
297
262
261
289
294
333
370
402
404
391
372
349
351
381
400
413
407
400
366
339
364
353
325
361
385
326
310
350
378
389
405
398
416
427
422
421
432
430
433
397
369
371
396
374
375
363
361
377
380
353
343
335
335
322
324
328
335
346
342
318
323
348
341
357
358
343
366
353
349
359
360
358
359
370
384
383
373
374
400
390
381
400
388
367
367
371
379
368
373
364
350
338
355
359
354
359
363
348
339
343
319
288
283
273
247
258
280
272
244
233
233
236
269
290
284
271
286
295
252
156
134
110
116
134
167
199
225
259
289
317
339
347
387
416
419
415
408
411
423
422
409
415
387
362
338
341
351
387
412
411
402
413
399
373
352
357
346
343
338
332
335
311
292
293
290
272
253
252
262
267
277
287
303
292
285
285
281
267
265
264
228
197
176
164
171
165
161
176
173
178
187
166
147
150
146
143
154
128
115
123
133
134
125
124
133
148
172
192
205
214
213
250
271
260
252
271
301
305
322
328
330
324
320
321
315
297
291
264
242
250
237
215
193
183
175
168
141
158
137
99
122
123
96
80
80
89
95
103
127
130
120
105
98
97
100
102
108
115
113
124
143
173
172
165
142
159
184
209
240
266
290
293
273
255
188
170
181
207
236
201
177
189
190
178
161
137
106
77
77
61
59
52
46
41
41
36
33
29
29
30
30
32
32
34
31
32
29
21
19
29
51
70
68
67
68
71
67
78
74
66
63
70
85
99
102
105
110
113
117
105
118
117
116
113
124
143
134
136
132
122
113
106
113
100
104
97
92
94
94
98
97
87
79
82
81
76
66
56
46
48
49
56
60
58
60
61
64
61
65
64
62
70
74
75
80
94
94
109
119
135
141
145
186
222
238
256
290
324
343
350
333
344
358
393
382
378
376
384
393
382
385
383
374
359
364
377
387
394
374
394
395
401
419
425
435
430
405
380
372
357
356
342
374
359
327
291
276
272
258
295
303
318
322
323
305
300
324
342
329
320
308
290
279
287
297
322
378
381
398
390
395
407
420
427
433
438
427
423
387
388
352
324
315
321
316
325
337
352
350
353
353
346
361
371
369
360
356
338
309
306
319
305
299
290
301
299
295
287
286
279
261
259
246
214
202
220
220
247
267
290
307
294
292
283
292
290
302
309
305
282
259
277
279
282
282
296
305
319
312
315
306
283
284
285
283
281
305
310
311
326
325
313
309
294
280
276
261
256
206
180
208
230
221
204
201
174
182
184
200
238
233
225
213
200
186
174
192
209
209
257
247
227
253
288
303
307
315
304
270
264
245
247
253
285
304
314
310
316
343
343
323
330
327
320
298
275
282
290
294
312
314
316
313
321
309
271
259
283
315
347
360
351
364
365
370
368
363
348
309
324
341
325
348
337
376
375
385
377
396
405
385
380
332
266
260
285
283
303
313
301
323
326
304
366
405
392
397
376
366
333
317
299
265
246
191
185
190
170
167
184
180
209
223
217
212
236
258
267
255
252
231
242
221
182
177
175
160
127
82
62
56
72
137
180
206
92
76
91
62
35
37
54
66
24
16
24
15
8
7
17
26
37
49
71
90
95
92
102
112
151
176
189
193
203
196
200
213
210
214
206
211
222
222
234
240
237
220
217
222
201
176
170
150
152
151
147
137
136
130
130
114
110
113
126
149
144
148
145
141
128
121
106
109
124
148
145
149
152
154
144
143
140
152
157
154
160
162
159
113
87
67
59
53
45
46
43
39
33
32
44
65
78
77
70
67
57
50
46
55
69
67
65
70
70
68
69
69
66
59
54
58
52
45
41
51
63
63
77
79
95
95
104
98
88
94
95
104
102
108
117
129
128
123
141
143
162
159
151
156
152
155
163
184
175
177
176
162
161
159
151
152
148
146
140
121
94
96
103
112
103
110
120
118
110
110
110
114
113
111
110
106
101
89
94
104
101
103
110
114
120
131
137
129
120
118
119
124
137
123
113
120
110
103
105
105
112
117
119
111
97
94
101
98
78
71
55
49
49
50
52
45
45
47
45
49
50
51
46
62
55
48
49
47
45
39
37
43
58
47
46
53
55
55
54
53
64
65
56
55
66
73
67
69
68
75
72
70
65
57
57
82
67
71
80
80
75
66
57
62
69
66
62
62
77
79
82
82
81
78
84
76
95
103
103
105
111
111
105
108
99
102
109
118
118
130
135
147
169
167
157
146
151
148
128
133
125
123
112
106
114
131
154
170
156
146
141
144
141
131
134
148
168
174
170
155
156
154
149
142
155
142
149
164
172
202
219
228
199
185
226
282
283
248
270
249
247
231
238
222
233
244
262
244
229
232
225
208
187
191
210
206
213
241
212
210
231
288
230
237
248
244
270
324
359
370
366
368
367
350
325
320
333
358
361
366
367
371
368
364
351
360
351
350
344
350
338
325
286
272
264
250
265
291
302
302
322
317
319
332
354
351
364
367
375
375
389
399
392
401
408
414
406
402
400
397
389
389
390
386
388
391
391
380
383
383
390
397
406
408
401
393
383
368
366
373
371
363
342
328
330
304
332
340
350
344
348
355
360
354
364
379
383
376
371
367
367
375
374
378
384
379
381
378
354
362
390
397
408
391
361
356
357
358
364
371
361
364
344
329
331
347
359
346
348
323
287
274
246
241
240
276
269
263
288
296
287
289
293
296
275
254
229
214
212
211
214
225
233
245
233
208
204
179
204
183
200
189
180
176
184
188
192
207
225
189
187
187
188
207
235
236
262
241
311
290
247
252
229
254
287
275
233
248
251
258
248
252
276
261
239
254
264
260
260
249
220
192
178
169
171
168
164
219
276
287
291
290
299
291
309
329
338
335
317
297
304
285
262
326
351
332
306
309
317
354
366
374
383
376
377
380
369
363
347
347
337
286
266
259
271
295
324
346
361
384
395
403
387
391
396
378
351
325
269
253
247
266
285
294
252
233
184
223
265
262
270
257
254
236
233
204
220
258
264
287
278
279
284
296
292
306
327
373
391
396
396
388
376
381
386
395
409
421
428
424
405
384
380
377
369
377
366
361
326
310
290
284
281
274
262
254
196
147
155
183
187
228
197
155
107
92
80
72
87
116
135
147
182
190
183
179
172
192
205
198
205
209
227
225
223
242
226
227
229
221
224
223
218
207
201
218
247
272
265
233
192
162
181
168
159
144
148
135
122
135
150
151
143
157
213
253
250
258
255
264
276
290
297
300
295
290
286
261
250
244
242
224
235
212
196
204
180
151
158
157
138
132
145
177
235
189
132
105
104
90
83
104
131
127
114
96
110
110
98
94
103
90
77
79
69
83
60
52
99
87
72
93
97
117
116
119
140
126
168
151
129
116
131
131
157
141
148
105
80
67
60
52
48
53
54
55
55
65
75
70
86
112
120
118
120
127
152
148
168
203
191
176
206
197
193
180
189
158
167
153
171
149
140
143
163
147
154
179
144
123
125
119
113
120
96
86
82
73
70
63
53
52
54
50
45
41
33
29
24
21
18
18
19
21
23
21
19
17
16
20
22
16
10
9
7
9
14
17
23
26
29
25
24
29
37
40
46
51
60
82
88
104
119
125
130
139
139
123
108
86
73
66
57
58
55
40
29
25
21
19
15
11
19
22
17
10
7
5
5
5
3
2
2
2
4
8
10
12
9
10
13
14
14
13
11
11
25
36
42
40
41
52
52
43
36
25
14
5
2
4
4
5
9
11
19
22
24
30
43
53
51
57
62
53
70
94
112
120
114
133
151
165
163
160
162
168
172
190
217
229
237
247
245
247
249
253
222
199
195
202
216
231
266
284
289
309
310
325
337
339
318
295
275
281
253
235
208
184
184
178
163
153
153
145
125
110
108
99
153
166
138
110
75
68
72
70
56
39
30
35
39
52
57
70
98
121
137
164
196
200
215
251
229
244
254
272
272
237
239
242
262
262
263
244
255
285
306
328
357
376
376
363
353
359
359
346
334
337
348
354
363
356
350
348
347
343
348
358
357
363
359
333
319
305
271
290
298
306
312
304
276
262
274
303
335
345
335
313
318
319
315
311
312
317
300
306
317
289
287
289
298
284
301
296
283
274
245
266
281
272
273
298
277
265
263
249
266
263
265
235
234
230
206
214
204
190
151
130
134
119
124
150
167
194
178
171
186
198
196
208
223
218
186
173
168
167
167
201
255
283
268
248
237
224
224
193
173
162
149
140
136
145
143
133
151
164
154
148
144
153
201
240
234
220
223
183
154
156
157
149
124
120
98
82
81
84
63
51
41
48
57
47
40
47
62
78
85
80
77
74
82
85
77
76
62
73
94
103
117
132
131
131
116
109
102
90
110
136
117
105
105
98
104
116
115
116
116
103
80
87
92
72
73
74
80
95
110
118
111
96
86
63
37
27
20
21
17
17
11
12
15
5
3
5
6
7
7
7
6
10
11
12
10
9
6
6
3
1
1
2
5
5
6
6
8
9
8
9
9
15
24
23
23
25
26
12
5
4
2
1
1
1
0
0
0
1
1
2
3
5
7
10
12
14
17
18
18
17
20
22
22
24
18
17
17
18
19
17
20
30
29
24
21
23
29
31
39
45
49
45
50
53
51
67
70
82
86
87
95
78
69
76
84
91
112
126
141
169
176
182
175
199
210
197
167
161
170
182
170
178
184
173
165
163
160
148
122
105
96
74
65
55
41
31
12
23
33
38
43
40
12
6
17
31
32
29
32
51
53
51
50
55
57
55
58
55
48
43
48
63
71
74
77
83
92
95
110
132
147
145
137
138
134
151
155
170
176
168
166
174
162
161
158
171
169
163
143
143
160
148
151
139
144
133
112
100
104
94
80
73
53
57
46
44
43
59
50
56
63
57
55
50
41
41
46
36
16
5
9
13
7
3
3
3
5
3
5
6
6
7
11
10
11
13
13
9
10
9
8
6
3
4
6
7
4
4
6
7
9
11
13
22
24
33
34
44
38
20
22
38
27
23
22
20
15
11
9
7
3
3
7
7
6
4
1
0
1
4
6
7
7
11
14
8
6
5
2
1
1
1
0
0
0
0
0
0
0
0
0
0
2
3
5
15
29
45
54
49
28
23
27
31
24
22
16
9
7
5
2
3
4
1
0
1
3
2
3
6
14
23
29
29
29
24
16
9
4
2
2
1
0
0
0
1
2
2
2
2
2
2
3
10
12
24
68
61
39
32
37
37
29
22
26
22
20
19
22
28
22
20
17
17
18
20
20
21
16
13
11
13
14
14
9
5
4
7
10
12
14
12
12
11
12
13
13
17
29
37
54
51
65
78
85
107
139
140
127
139
138
125
112
108
108
101
108
99
88
71
59
61
68
68
62
63
62
67
67
63
58
58
62
68
65
63
64
68
59
53
63
62
65
74
72
76
78
79
89
96
93
93
92
97
112
133
149
152
157
164
158
158
138
126
136
167
194
191
193
182
181
186
180
182
183
186
189
191
197
201
199
207
202
197
213
228
245
245
244
231
235
245
240
240
240
251
267
288
311
336
342
344
346
353
364
363
353
341
323
318
316
308
313
308
306
295
291
295
306
314
325
342
348
350
347
336
322
312
317
310
305
308
314
323
321
301
297
288
286
289
295
304
298
297
303
310
302
299
297
303
314
327
320
317
311
298
295
283
260
256
240
234
233
225
218
214
201
188
187
180
171
166
170
169
169
164
157
156
153
160
169
157
152
150
163
173
182
174
185
178
170
180
197
214
225
254
255
256
260
264
263
282
272
268
260
237
232
225
213
205
213
219
229
239
241
257
261
258
267
279
273
264
256
244
247
250
266
272
283
275
280
288
278
283
282
258
236
219
206
205
188
181
166
154
147
136
128
117
101
102
95
88
89
90
86
76
55
36
18
5
2
1
6
5
5
6
11
18
17
28
52
79
106
138
156
169
158
164
143
132
115
109
104
97
91
90
91
105
123
154
182
184
186
193
200
184
179
177
178
182
184
176
162
163
160
152
146
138
137
139
134
132
124
116
110
102
105
111
105
91
82
73
62
42
31
25
23
16
12
10
10
8
13
14
11
10
14
17
26
34
38
33
38
48
63
67
63
68
78
101
126
122
115
139
149
145
144
132
122
136
142
137
134
149
166
171
180
188
198
205
210
214
213
203
220
242
250
251
236
233
227
221
234
238
239
221
221
223
227
239
240
251
248
230
204
209
213
212
202
190
200
209
197
212
220
217
215
208
196
197
220
209
184
183
186
180
192
202
224
238
263
278
281
303
315
321
320
329
326
319
314
290
288
326
329
324
321
307
326
325
313
337
312
301
312
290
279
278
260
256
247
249
262
294
314
314
348
371
356
339
332
330
333
318
304
302
297
285
283
253
239
283
317
345
352
356
351
349
356
386
382
380
373
364
357
357
350
359
363
349
350
315
290
284
284
276
300
329
338
320
310
312
317
300
266
284
301
298
305
302
315
344
369
369
354
355
361
361
358
345
338
346
346
346
350
352
352
368
384
396
388
376
379
393
386
379
373
362
343
351
356
334
309
294
318
334
337
342
334
323
317
325
326
318
321
327
329
317
312
300
281
264
244
240
226
197
183
185
181
171
144
129
115
116
139
143
148
160
165
178
190
213
201
203
214
223
212
201
188
153
128
105
116
147
126
121
115
115
119
114
116
125
145
149
142
117
118
120
123
122
140
190
196
190
181
189
223
243
248
232
229
206
196
168
120
120
136
160
171
176
185
162
128
109
143
163
143
108
77
69
76
82
82
82
82
86
96
115
174
221
196
191
221
205
200
143
147
150
125
107
125
126
151
153
178
170
170
139
133
172
172
146
157
150
147
117
99
75
74
82
96
109
113
130
136
147
167
190
198
192
190
170
149
144
133
132
126
123
122
118
108
86
86
90
87
101
108
100
109
112
117
137
160
187
223
250
256
280
295
319
350
358
371
381
380
369
367
362
334
311
308
281
293
296
311
320
314
308
282
265
266
251
248
248
255
255
253
255
245
228
201
178
169
147
94
86
76
62
48
38
31
23
22
21
17
17
19
32
59
63
59
61
62
61
62
43
25
23
22
32
39
41
42
37
39
40
31
27
29
40
50
58
64
79
84
91
92
94
94
101
99
95
99
102
101
104
102
96
91
94
90
92
96
94
95
100
96
114
121
140
165
188
207
213
219
232
239
246
253
261
268
272
261
240
221
210
213
216
213
212
202
194
157
139
118
112
126
144
179
208
192
164
165
159
149
156
167
184
233
229
228
233
234
231
223
215
230
227
215
208
210
223
211
174
166
166
151
126
110
95
92
84
60
52
53
58
74
74
68
62
56
57
55
65
77
101
124
144
164
180
202
205
226
232
253
261
269
269
292
316
318
324
335
329
337
329
312
299
293
278
239
228
229
209
203
195
178
207
183
184
229
241
230
211
209
232
232
231
212
187
169
176
199
200
194
190
182
175
169
173
171
159
165
183
175
156
167
175
173
183
188
204
221
259
300
304
322
336
322
281
215
196
194
175
170
223
195
204
169
155
168
172
154
147
164
147
117
93
97
99
92
80
76
84
89
93
96
84
102
132
147
163
189
202
211
213
239
256
273
325
339
353
374
379
376
379
379
375
372
364
357
350
335
324
305
253
211
199
200
211
154
117
121
141
151
152
151
198
215
200
196
208
231
237
221
210
204
196
189
201
209
208
213
192
193
191
184
178
177
186
173
158
155
147
159
163
182
186
177
178
172
168
163
171
181
176
180
182
176
161
168
161
139
142
131
121
120
119
115
113
110
116
109
106
111
118
121
132
137
146
146
137
130
129
124
116
122
144
142
141
137
129
121
111
108
108
111
129
126
130
128
119
109
93
81
81
80
72
76
72
75
79
80
84
88
87
82
78
76
79
82
87
93
101
103
101
104
119
131
124
146
169
153
167
167
158
154
155
157
152
156
164
178
186
200
201
203
209
195
186
180
159
161
165
168
176
189
177
167
167
192
214
234
255
283
275
264
247
252
228
230
240
235
225
230
216
204
215
216
216
202
192
179
193
217
226
227
215
216
218
201
186
153
134
117
134
142
144
173
196
226
216
216
200
186
185
198
170
144
135
133
106
89
117
118
107
155
177
145
126
133
150
207
252
208
209
218
254
278
271
276
283
281
274
271
247
207
253
350
345
327
314
297
316
296
298
290
292
303
282
252
228
240
229
216
235
237
222
201
185
201
211
209
188
174
190
185
173
172
189
169
165
167
221
208
211
289
323
314
253
261
261
291
301
283
219
180
189
198
183
184
175
165
169
171
157
158
151
159
152
164
162
177
154
154
148
139
141
143
145
148
152
163
172
138
143
149
168
199
209
210
215
248
265
290
280
294
276
244
245
251
238
221
227
217
202
218
251
243
233
239
255
252
247
263
260
250
239
227
213
212
206
210
299
274
203
200
223
226
228
211
202
175
178
191
206
183
160
158
158
151
139
150
138
138
146
144
146
144
133
131
116
90
78
64
85
103
117
93
50
41
29
46
46
47
51
46
43
44
47
46
52
55
69
72
65
46
45
54
43
37
29
35
40
48
31
28
27
29
38
42
59
85
100
111
134
145
166
197
222
211
204
194
186
194
206
209
211
214
218
230
225
229
221
222
233
240
240
255
281
279
275
275
263
239
217
237
249
263
275
292
300
316
317
342
334
325
312
329
314
295
287
276
276
280
218
214
255
298
271
254
287
267
255
248
261
229
189
172
148
141
142
122
105
91
71
56
42
38
33
37
26
24
19
15
14
9
5
5
7
8
12
14
14
20
35
36
53
59
64
65
68
74
62
56
39
32
21
17
13
10
9
10
6
6
8
16
16
18
9
9
13
12
12
22
25
30
30
25
20
18
20
20
20
21
24
28
29
34
28
22
23
25
24
23
24
23
26
33
39
29
64
43
30
40
40
37
39
37
42
47
55
53
46
44
43
36
35
37
37
36
39
38
36
35
46
49
46
47
48
48
48
43
37
44
49
59
65
65
56
60
60
55
40
30
34
60
47
35
36
76
95
74
43
29
33
42
54
45
36
32
26
25
26
28
31
37
31
28
23
30
29
37
37
38
37
38
41
39
39
38
48
52
45
39
40
49
61
76
77
84
91
120
119
130
131
92
73
80
106
92
113
131
159
166
168
201
251
261
268
269
274
276
290
301
310
322
294
291
302
318
312
286
254
250
236
208
209
208
206
209
198
201
210
226
227
255
255
271
321
316
275
237
220
214
183
150
134
129
169
166
142
133
126
127
144
159
186
226
277
278
261
240
208
176
149
137
126
118
123
125
125
121
114
113
113
124
132
152
191
204
222
249
258
258
237
211
237
246
245
257
256
282
271
277
280
259
255
254
258
245
220
181
190
167
140
112
109
101
106
107
106
124
111
103
105
99
96
94
92
83
73
63
45
33
29
19
21
31
36
60
77
101
127
158
182
219
250
274
271
257
266
278
279
294
284
260
233
221
204
207
205
203
184
169
140
132
133
160
175
162
183
203
195
187
165
152
140
133
136
121
110
110
106
114
105
84
74
76
78
71
65
65
66
71
98
128
116
87
72
91
112
124
117
131
147
116
98
97
98
96
95
96
113
141
170
189
180
159
157
175
171
185
217
244
234
268
285
275
269
259
261
266
282
288
286
283
301
314
310
313
314
293
272
241
235
253
260
283
283
262
231
193
154
154
174
209
219
185
164
141
138
140
146
133
154
151
144
149
144
148
137
133
134
141
135
122
113
125
141
127
133
155
131
96
68
91
128
141
138
138
157
167
185
200
184
184
155
147
155
151
139
106
74
71
53
39
22
29
38
39
34
35
35
24
22
13
10
5
3
2
5
13
18
23
13
16
19
19
26
29
30
25
28
40
54
64
81
86
78
88
86
74
56
44
40
43
45
45
48
46
48
51
46
42
39
44
40
28
28
14
12
25
42
56
64
82
99
105
127
132
135
139
142
135
144
147
156
150
155
158
161
172
189
201
193
195
196
179
195
205
214
223
219
225
236
231
234
223
193
177
164
141
127
113
105
99
90
76
56
41
36
36
33
38
47
50
45
55
51
44
45
51
51
55
63
60
61
66
72
59
54
56
68
71
69
60
47
36
35
43
40
41
49
45
43
51
72
87
96
92
90
82
98
107
106
87
74
73
59
56
55
49
61
72
45
30
24
22
17
18
16
17
23
31
33
29
26
31
20
24
34
40
43
59
67
92
112
106
98
92
71
67
61
51
43
41
33
27
23
39
47
55
48
47
67
66
59
61
58
57
66
85
94
97
96
83
71
65
66
75
87
89
120
133
140
138
122
117
115
133
155
164
184
187
200
193
195
207
190
148
151
159
169
167
166
147
135
107
112
113
132
126
113
99
86
85
98
105
99
89
91
85
97
105
111
113
122
118
120
117
118
120
120
124
119
123
110
96
101
122
139
156
162
162
162
149
133
117
88
71
68
72
71
65
67
82
89
105
132
142
167
163
161
152
139
141
142
135
139
146
137
118
123
111
114
118
117
119
124
115
115
96
92
103
124
136
123
116
126
136
159
152
117
113
127
136
162
180
164
149
160
164
194
222
223
234
252
234
260
265
212
199
189
171
161
176
185
170
145
143
155
150
156
144
141
142
139
132
118
89
76
90
99
115
117
103
114
125
84
54
53
62
82
103
104
84
81
83
84
99
91
96
168
109
98
104
92
101
110
102
74
57
51
46
37
31
37
46
59
48
31
36
46
50
52
40
48
46
42
43
50
53
63
62
61
61
68
78
80
87
120
125
132
134
129
125
120
124
124
133
131
137
153
183
196
208
218
223
237
258
271
272
280
281
279
279
260
269
296
318
314
329
369
386
364
363
361
341
311
292
272
247
241
209
199
206
198
186
196
248
205
211
230
242
253
272
284
279
282
270
267
257
242
240
240
254
261
253
245
239
223
213
194
192
172
154
148
141
129
107
95
85
88
99
96
98
97
107
120
116
109
105
89
78
96
98
109
104
101
100
82
83
81
82
83
95
109
112
111
123
134
135
132
137
167
176
168
188
199
146
119
111
105
106
112
116
96
79
77
70
73
69
67
67
86
112
112
93
99
130
143
130
121
121
113
101
102
116
108
109
118
112
118
121
129
132
138
161
167
151
146
134
131
138
133
144
172
196
143
163
163
160
160
156
153
144
127
128
131
131
131
137
148
155
174
179
177
184
202
201
200
189
175
199
185
187
201
214
207
199
207
222
243
252
270
301
331
356
358
368
375
379
377
378
380
367
365
332
322
276
259
258
252
223
211
207
211
227
242
278
292
299
289
290
291
288
281
287
276
251
236
247
255
228
216
198
194
195
189
193
200
200
201
210
215
206
209
222
235
228
224
236
238
249
244
239
244
246
233
235
230
228
230
215
184
186
189
158
125
120
126
138
133
139
144
165
181
178
155
119
102
94
85
72
56
46
33
18
6
7
12
19
30
38
43
60
66
81
114
120
125
129
129
122
111
102
97
88
105
117
99
96
79
70
67
65
73
86
88
103
106
115
118
133
136
134
126
112
137
109
105
130
148
160
137
125
121
127
113
108
96
76
72
70
66
75
90
80
82
88
88
91
87
84
78
59
44
43
44
37
25
16
12
11
10
10
13
11
11
12
22
27
29
40
53
57
57
61
45
47
71
72
75
82
73
70
65
47
43
53
53
40
27
30
36
36
40
50
57
67
67
72
75
65
55
64
80
87
96
94
98
107
115
96
88
97
108
99
88
110
140
153
162
182
204
218
243
241
239
231
213
204
159
140
136
163
156
140
127
117
99
83
76
67
66
77
81
84
84
83
75
73
61
51
43
40
33
31
26
23
19
18
15
17
18
17
14
14
20
23
24
26
27
29
30
39
45
54
87
115
127
136
134
130
131
121
122
135
156
169
178
183
187
199
207
199
204
205
216
220
234
250
256
246
243
234
233
246
244
240
251
262
269
262
268
267
218
202
196
188
182
180
175
202
208
227
225
229
222
236
233
236
246
235
234
224
210
211
223
237
223
222
199
186
171
193
207
225
220
222
225
231
218
218
199
213
210
222
232
241
248
246
259
248
250
251
239
215
170
139
138
140
133
131
136
155
180
180
211
226
240
232
210
208
207
209
224
229
214
207
229
238
243
283
313
305
289
318
330
303
259
277
367
374
372
373
389
414
384
368
290
232
239
247
282
308
313
364
321
315
335
325
307
318
300
275
270
253
280
298
266
267
241
249
254
266
247
252
210
175
174
140
143
192
235
254
269
290
302
268
285
273
274
293
275
262
269
260
243
214
176
169
163
153
198
226
251
276
285
287
307
316
314
326
336
315
297
287
274
268
246
216
218
236
235
226
219
230
238
253
267
272
289
272
247
264
261
271
266
263
246
232
224
215
214
205
222
223
193
166
164
138
143
161
185
176
155
145
144
139
119
112
113
107
103
101
96
90
83
93
94
83
74
65
54
58
63
65
72
75
74
89
108
116
136
153
167
187
199
222
231
242
244
242
243
225
225
221
231
239
260
264
261
265
265
263
266
284
291
303
316
325
324
310
311
315
333
341
332
322
323
310
320
347
349
354
371
353
355
361
366
364
378
374
383
386
388
393
403
397
401
398
401
394
392
412
411
419
402
369
349
326
313
319
318
307
299
312
338
365
383
378
359
332
319
362
365
352
347
321
289
275
312
342
356
323
292
287
291
297
305
317
304
288
273
241
231
213
207
206
205
203
156
155
188
208
236
243
238
234
229
197
164
147
150
159
153
146
137
133
128
120
118
124
131
138
146
145
142
164
168
178
174
181
175
169
166
159
170
178
185
198
199
212
227
222
218
222
234
230
228
221
222
213
203
204
205
232
229
217
202
212
215
193
168
156
154
172
178
193
184
181
182
179
162
173
172
178
177
192
192
171
188
187
143
93
92
101
97
102
115
119
105
90
97
108
99
108
96
91
97
79
115
115
125
161
180
179
163
153
136
128
139
154
141
120
135
128
141
144
149
158
165
170
169
154
148
134
127
129
152
177
168
180
190
172
216
210
200
190
191
185
195
193
199
188
183
180
178
151
137
134
114
119
120
109
122
129
127
122
122
134
117
99
82
58
58
54
50
48
64
66
63
60
61
72
102
105
95
68
49
88
99
99
113
100
92
118
127
128
124
132
126
119
109
98
86
93
103
131
144
142
119
127
136
129
130
132
136
126
129
133
121
128
137
139
137
144
137
123
142
147
152
144
142
167
164
136
107
109
85
77
120
142
163
174
179
159
158
175
151
145
137
142
156
132
115
96
123
153
157
189
219
198
196
183
167
168
164
161
164
147
150
175
181
167
161
170
169
167
157
146
138
164
175
163
156
160
161
173
170
169
191
168
182
164
125
125
138
143
122
128
125
119
112
107
103
95
100
116
116
115
120
132
124
117
118
134
149
126
133
160
177
184
182
170
176
176
184
195
176
152
178
179
194
184
172
192
194
213
209
198
170
186
163
157
147
143
129
129
141
162
166
153
182
188
192
210
220
196
184
171
167
154
157
126
118
120
116
102
115
113
108
103
108
97
91
99
104
95
113
107
121
113
116
128
137
154
161
179
186
198
195
177
166
163
171
146
117
102
89
80
91
95
94
74
59
44
52
55
59
69
83
103
124
134
141
148
152
164
171
171
174
202
204
221
223
233
221
209
235
262
302
315
331
342
348
356
373
380
372
359
368
378
374
333
326
405
352
346
290
286
330
319
316
323
336
312
281
276
289
263
244
198
179
163
149
147
151
152
149
138
141
169
194
204
212
209
215
241
220
205
237
261
306
323
323
331
316
298
267
253
224
202
184
163
162
169
156
165
198
199
199
187
170
165
186
181
164
172
184
196
215
205
242
275
286
298
291
275
245
219
230
230
230
243
295
348
363
374
367
373
380
391
393
388
386
382
374
355
311
258
224
170
224
305
255
144
182
262
268
227
262
209
233
180
186
182
171
186
208
219
208
209
201
214
214
220
226
241
282
293
332
346
343
327
323
338
357
374
380
383
382
375
355
309
271
285
291
310
309
325
325
318
333
334
314
303
311
308
285
298
320
330
323
296
300
295
264
218
189
169
159
148
161
170
219
220
233
254
264
258
247
249
257
265
286
279
274
274
258
260
260
223
208
204
179
139
116
110
87
90
95
109
113
86
68
59
39
24
15
17
17
20
23
35
48
59
60
54
71
99
118
123
114
105
101
103
96
90
88
93
93
95
102
113
119
135
182
212
163
216
208
247
355
399
380
379
386
356
351
377
370
338
361
362
385
379
377
383
382
377
375
373
370
370
371
369
389
395
383
380
373
370
354
349
357
357
360
360
351
350
344
338
340
364
362
327
326
253
268
223
197
152
128
127
109
111
134
156
183
256
246
251
272
272
296
307
327
315
293
283
270
252
241
233
227
183
139
156
221
205
205
206
211
207
190
190
187
177
176
178
169
143
147
166
164
148
156
153
135
126
102
99
114
118
110
97
86
72
59
50
42
28
19
19
10
5
3
5
6
4
2
5
9
14
22
31
48
60
62
70
77
89
93
93
100
115
119
126
143
156
157
154
129
103
101
92
91
78
62
58
62
55
50
41
31
24
24
26
31
33
38
44
45
43
39
48
60
58
56
59
65
64
70
76
73
63
83
93
104
114
118
129
116
124
139
149
167
166
174
202
237
261
263
261
262
259
228
234
273
282
275
273
291
316
349
362
359
374
373
364
356
320
295
285
270
271
280
294
303
309
329
345
327
343
351
353
366
362
375
368
359
367
343
329
323
331
356
356
360
335
328
325
319
317
318
320
329
339
343
345
345
334
331
329
327
324
323
324
315
325
327
323
322
318
330
334
330
329
313
294
336
334
331
336
265
204
189
249
252
232
202
198
256
282
318
298
282
258
249
257
264
257
265
289
283
314
310
277
217
209
225
185
162
149
137
148
167
167
181
174
152
146
188
206
216
204
184
187
204
212
231
226
243
241
235
230
223
225
233
229
242
229
211
193
179
178
150
142
145
143
136
129
134
142
143
143
143
157
174
160
175
178
176
172
169
155
131
112
107
124
132
136
143
148
143
140
131
124
129
124
112
100
113
130
159
154
147
148
156
148
148
150
141
137
139
145
156
159
142
149
149
130
120
125
102
83
70
65
68
64
62
64
69
73
75
82
84
89
95
92
82
82
78
75
62
67
77
75
82
86
83
78
69
58
63
65
58
58
61
68
70
80
84
74
69
78
71
79
84
86
72
83
78
66
64
62
57
56
67
73
74
85
102
98
109
111
113
115
118
116
106
109
107
88
83
76
70
70
65
66
69
66
55
55
45
46
59
87
82
64
66
71
81
106
107
107
113
126
129
126
119
101
87
77
63
54
54
50
48
45
46
49
57
57
60
60
71
74
78
73
61
60
64
70
89
103
107
111
115
110
116
117
119
121
136
136
132
140
153
157
154
167
178
172
139
114
103
76
60
53
47
40
48
47
43
53
66
73
77
89
97
98
96
90
92
105
107
112
110
107
97
74
68
61
64
56
64
59
60
48
54
56
59
59
59
57
48
43
55
59
50
42
42
44
44
49
50
47
46
42
35
39
43
44
45
46
46
49
50
59
55
47
50
51
62
62
58
65
63
63
57
48
41
27
36
51
54
52
50
53
58
69
91
106
102
107
119
126
127
114
96
91
86
86
93
105
101
91
93
98
92
94
97
96
104
104
88
87
114
131
137
130
118
123
117
99
117
106
108
116
118
86
63
61
67
66
66
43
27
24
25
21
10
7
7
21
29
47
57
96
111
133
145
151
148
184
220
261
290
303
300
316
314
328
323
342
353
358
366
298
312
336
335
336
313
296
321
324
325
315
301
312
308
298
300
314
317
323
331
336
333
334
337
338
336
332
339
336
327
324
313
309
305
287
276
268
251
247
272
263
256
271
269
277
307
327
322
318
347
353
355
330
310
316
320
325
323
317
315
310
306
285
280
295
312
322
328
321
332
333
338
334
319
313
338
349
341
329
324
312
300
294
291
294
296
319
312
305
297
295
276
245
261
256
274
269
278
288
267
240
228
227
227
224
203
209
204
200
243
237
233
204
227
221
226
214
199
219
212
235
260
246
219
213
208
187
176
180
172
177
197
213
193
170
166
166
168
136
142
141
140
134
123
126
110
88
73
81
86
82
78
68
60
54
41
35
37
38
34
43
36
44
52
59
71
77
84
89
93
107
98
88
81
84
88
82
65
60
54
59
68
69
79
82
81
78
81
75
79
82
91
89
107
109
105
102
96
87
76
57
50
65
93
107
104
107
101
96
101
108
116
109
100
103
120
120
125
126
127
141
128
106
94
87
94
107
111
103
97
105
107
124
114
109
117
120
120
139
157
183
197
185
194
184
172
168
167
156
137
126
131
131
130
122
131
133
131
131
140
159
164
174
180
160
175
185
196
201
194
185
179
188
212
235
251
257
269
300
321
341
364
366
367
364
374
382
392
387
380
359
349
329
295
298
287
287
298
294
289
303
332
355
383
372
353
388
360
335
297
297
294
284
276
261
267
269
288
302
299
284
270
265
274
282
287
288
289
229
219
201
181
213
255
276
237
242
221
164
120
116
122
167
192
175
183
182
203
239
266
268
276
243
227
238
248
273
279
295
295
293
295
288
293
281
292
330
322
351
326
311
352
385
384
388
387
385
373
374
361
341
330
352
343
335
338
322
304
289
319
329
300
343
360
364
371
366
364
369
384
385
394
396
392
368
350
356
349
359
370
372
378
357
354
361
350
342
348
378
369
391
395
388
403
370
350
344
310
275
282
321
347
374
387
392
391
368
370
374
358
349
355
353
397
400
363
368
365
389
373
340
310
296
382
373
349
332
313
294
261
189
243
313
304
306
318
319
315
305
298
304
300
295
287
293
291
271
257
270
291
288
294
263
250
243
248
253
260
255
259
275
279
277
294
269
246
246
242
251
258
251
233
231
220
208
221
238
245
252
258
251
246
244
253
254
251
245
242
227
218
218
212
200
185
199
188
166
171
161
141
129
112
102
93
93
124
144
136
134
125
109
110
115
116
111
139
133
117
136
153
165
136
150
146
155
159
155
157
144
139
121
108
103
104
99
95
112
161
170
184
181
163
135
145
150
147
142
139
132
127
117
129
110
108
96
115
135
115
116
124
121
120
120
134
117
103
92
97
104
103
111
128
110
114
121
123
118
110
109
111
118
119
140
145
158
157
165
170
173
181
179
172
164
158
157
157
161
156
145
126
135
138
130
125
127
124
120
123
125
124
125
126
132
129
125
119
116
118
126
135
141
131
141
148
141
132
131
122
133
138
130
126
121
121
112
112
117
108
99
100
115
130
144
150
138
125
118
112
113
114
120
129
128
128
136
156
181
184
200
222
200
203
211
204
196
198
193
175
158
164
165
168
159
167
168
162
167
156
142
149
196
145
122
137
147
178
194
185
164
159
157
149
147
139
121
112
109
94
87
90
94
117
125
128
121
126
125
132
168
193
208
211
222
244
242
244
247
252
245
243
236
243
247
244
260
273
283
274
270
266
253
248
253
255
255
257
280
279
265
251
242
234
203
186
174
153
143
145
163
169
158
171
181
184
192
229
242
251
235
265
244
239
224
194
169
135
130
83
45
39
38
47
40
40
45
46
60
64
83
83
89
100
74
52
55
74
89
110
64
69
54
42
47
68
75
80
67
63
74
74
72
90
67
37
19
32
28
19
21
18
16
45
90
113
98
66
44
47
64
113
143
137
139
124
98
75
65
59
84
87
82
98
104
92
101
118
110
103
101
88
87
118
138
175
171
186
191
216
223
240
231
237
219
205
180
160
165
147
143
148
140
149
175
181
207
236
287
298
273
247
208
196
186
168
165
190
218
241
241
209
206
209
202
215
227
216
215
222
223
241
250
249
247
249
254
242
228
234
245
241
243
253
258
238
227
218
216
210
197
200
196
209
231
246
264
264
279
301
309
299
289
286
273
279
289
291
301
302
284
265
286
267
262
278
264
257
261
257
258
274
282
291
298
292
286
276
273
271
269
254
226
214
216
195
188
171
167
171
189
236
275
288
343
377
368
362
364
366
361
352
336
335
333
309
291
302
324
330
309
283
247
280
281
244
232
240
197
178
227
209
119
112
118
123
101
70
59
57
54
36
39
50
73
85
98
93
70
64
95
130
108
93
93
105
101
113
130
133
148
146
153
192
215
226
227
229
245
261
237
206
189
180
189
191
212
241
250
226
206
201
219
231
241
199
185
176
164
150
133
112
87
85
78
85
80
78
72
60
56
61
65
60
61
66
54
53
47
55
47
54
54
50
43
52
53
50
49
44
41
39
41
41
43
41
41
43
41
37
38
39
39
37
35
30
33
40
41
44
50
52
68
98
99
104
113
135
152
150
149
176
201
180
174
196
225
248
267
277
280
271
276
287
292
324
343
364
373
369
373
377
365
363
362
383
374
374
369
364
367
362
352
347
360
333
325
341
306
320
345
337
346
346
318
285
272
193
158
164
159
162
159
127
113
106
91
85
87
71
56
59
58
58
64
46
36
30
19
25
38
42
44
48
54
60
66
68
69
75
86
90
92
109
132
125
132
159
159
166
170
206
229
252
262
275
326
334
338
351
348
343
342
344
335
337
344
353
340
360
369
344
352
350
350
353
359
363
356
359
365
363
366
372
367
375
375
367
359
347
338
341
332
331
347
363
326
303
294
287
275
262
278
281
307
332
351
349
328
303
336
331
334
320
342
352
364
368
351
356
360
362
353
355
361
367
363
363
368
366
371
379
377
368
351
340
351
327
314
271
263
276
254
243
245
230
211
257
301
332
318
304
295
272
293
331
334
330
336
328
351
349
351
351
333
352
368
339
338
311
303
307
318
309
322
317
337
341
340
336
321
325
359
365
335
300
319
331
325
311
332
296
277
284
291
269
278
301
312
323
317
307
284
278
282
282
268
256
254
255
201
168
160
165
147
138
154
148
133
117
91
76
68
65
59
56
55
49
49
52
56
71
95
118
138
145
138
145
139
138
132
115
95
74
66
55
65
77
89
105
121
127
129
123
134
148
158
182
192
211
235
280
280
283
292
289
284
269
276
306
318
331
351
358
364
358
367
379
363
350
359
363
366
376
401
404
396
371
376
361
328
269
244
279
321
349
349
352
360
359
349
346
330
327
327
332
354
345
328
353
380
382
369
345
310
285
257
284
336
318
292
345
337
294
274
266
182
245
305
313
322
331
321
285
268
240
233
238
241
244
238
217
192
167
137
129
135
120
99
91
68
51
44
61
70
62
66
79
71
85
98
102
95
103
110
131
157
208
237
284
304
331
355
340
303
306
296
310
311
299
294
314
341
302
291
291
345
337
337
359
348
337
332
318
329
322
311
286
246
191
172
185
213
197
198
223
228
225
212
222
224
173
155
138
156
194
182
204
213
232
219
218
217
198
179
133
80
55
54
63
62
72
97
120
111
145
206
255
255
303
345
297
326
339
376
379
376
372
372
292
263
200
201
299
348
364
327
343
357
353
359
363
379
398
399
403
393
405
405
394
406
405
418
403
415
421
405
415
400
402
402
386
356
352
302
261
273
283
264
259
258
246
239
241
246
252
221
188
188
197
203
220
210
196
222
190
178
175
156
185
198
214
205
193
211
213
224
232
201
221
200
181
181
191
196
183
213
192
174
152
169
170
180
197
193
217
212
194
194
188
187
169
176
162
138
125
114
110
109
115
87
57
82
88
114
182
229
294
333
344
333
373
375
370
384
364
389
404
350
296
275
309
335
320
289
281
287
289
298
393
401
403
381
373
306
266
225
172
149
126
108
93
100
99
75
52
56
74
80
98
91
76
79
83
83
81
96
115
131
137
133
126
117
100
92
85
71
55
46
44
53
45
18
14
10
17
9
7
12
23
25
15
10
13
14
14
21
24
29
35
37
44
47
60
64
74
90
100
104
124
133
139
141
146
146
141
137
136
144
149
158
170
177
191
180
175
170
167
165
156
161
161
157
149
142
141
147
152
149
152
151
147
145
150
151
159
164
164
168
174
178
182
181
182
182
178
174
163
156
146
151
127
124
122
112
110
108
106
104
101
104
113
115
115
117
110
105
84
51
51
56
80
106
128
148
176
179
181
186
177
191
208
218
222
229
232
234
233
251
282
319
335
319
351
324
299
259
243
286
308
347
344
376
391
402
373
388
416
428
406
379
315
315
313
327
377
383
352
292
278
270
271
217
198
236
304
302
333
357
372
343
343
363
361
340
321
332
333
337
337
315
291
274
285
309
312
341
379
404
412
416
417
413
422
425
422
417
395
378
369
378
363
352
346
337
336
367
350
346
360
384
374
364
357
346
337
286
274
284
268
281
294
291
263
300
319
318
276
291
281
269
235
227
255
281
246
254
271
268
263
254
256
265
278
282
273
250
261
246
216
198
238
246
221
201
185
173
182
163
149
177
198
207
205
204
225
239
249
230
237
237
262
263
264
263
273
259
275
271
267
277
285
272
302
314
337
372
386
394
403
406
419
414
413
407
396
400
398
404
385
387
391
393
397
405
403
406
400
384
392
399
422
417
418
411
405
397
386
385
379
380
370
358
363
393
394
397
405
410
407
400
407
406
401
395
394
394
396
407
414
421
416
407
414
410
404
404
397
375
378
377
391
395
378
390
394
404
409
414
414
403
400
377
378
395
385
373
369
370
377
381
388
381
378
374
393
400
414
392
387
391
405
406
393
374
373
374
355
374
375
380
379
369
384
377
378
399
395
388
390
372
369
339
311
292
296
299
328
319
319
302
246
219
161
121
146
181
172
146
128
122
117
102
83
73
69
60
58
57
45
43
40
40
37
42
48
47
52
70
80
92
113
131
133
124
123
133
134
153
184
204
219
237
239
239
222
199
202
202
208
193
175
172
172
170
157
149
134
106
99
101
102
85
91
99
102
99
92
96
93
113
113
124
114
110
114
121
110
116
111
97
94
112
133
145
162
170
174
202
255
281
294
292
304
307
330
341
341
342
339
347
335
348
353
367
371
367
377
374
361
348
347
331
324
333
325
318
324
316
304
312
283
244
232
251
247
193
179
179
197
223
227
210
200
178
176
185
182
180
158
152
133
116
137
151
133
131
148
160
155
166
168
172
178
187
182
193
208
207
188
193
196
202
171
141
121
103
91
95
89
81
80
99
124
122
120
127
123
108
103
116
141
190
225
238
243
256
269
287
322
336
347
346
361
353
348
351
357
334
315
308
299
289
275
255
241
228
229
207
202
158
124
128
132
85
76
80
59
46
31
25
28
29
29
52
47
41
41
48
46
39
43
45
52
70
83
91
90
95
86
85
80
97
95
124
173
190
194
217
241
267
282
292
271
227
208
222
257
279
299
287
263
253
245
231
207
205
196
185
177
155
156
153
149
154
155
147
156
155
148
150
149
152
157
142
143
140
135
132
128
137
150
141
140
149
148
162
187
188
183
185
169
167
171
175
176
172
169
164
191
200
179
195
174
153
147
131
158
164
168
211
236
242
245
253
252
247
244
230
242
244
232
219
226
213
204
194
208
210
207
210
206
212
209
215
220
193
182
185
173
177
155
165
153
134
136
148
149
136
125
118
113
109
115
104
103
100
124
138
188
178
160
153
155
150
148
126
118
112
115
122
107
107
102
105
90
75
65
70
75
71
75
90
108
106
127
145
132
125
141
172
183
168
176
178
171
154
166
181
186
200
213
189
210
209
213
240
256
259
265
242
226
206
205
218
203
197
175
174
167
171
164
171
185
172
161
188
191
180
170
165
161
154
133
111
94
74
64
51
33
15
7
7
11
5
5
4
5
7
11
21
34
56
63
50
45
68
66
54
76
114
168
202
204
202
207
234
248
248
241
256
276
265
265
263
272
296
318
305
316
335
293
267
265
265
283
281
236
213
226
208
204
183
141
125
109
115
105
96
90
72
58
66
79
88
108
128
156
153
135
107
89
77
65
59
52
52
56
54
48
51
50
53
47
47
38
35
48
71
66
71
78
81
132
118
84
76
75
81
70
64
77
96
93
71
91
103
107
104
97
98
102
97
103
124
143
144
133
137
130
129
119
110
114
104
97
80
70
76
87
95
85
76
61
54
66
79
62
65
47
54
49
58
67
52
53
72
68
75
80
80
82
61
55
46
37
34
38
40
34
50
56
60
63
75
76
77
70
63
73
72
68
80
89
100
105
119
117
125
120
150
185
219
235
270
273
285
298
291
270
271
265
264
270
299
315
316
297
288
289
292
280
319
335
359
360
364
368
368
365
371
367
376
378
373
375
366
369
356
338
314
292
269
263
247
233
254
268
298
286
259
291
271
294
277
264
271
263
255
257
252
271
277
284
286
307
338
356
338
320
310
322
319
322
301
286
300
318
339
342
345
367
353
361
334
294
284
300
305
298
284
278
259
241
214
218
229
224
252
254
254
263
297
290
285
274
263
252
259
277
289
288
288
301
316
349
348
351
365
394
399
380
360
362
338
331
330
316
328
334
352
325
315
308
311
323
318
300
297
301
296
303
304
313
306
309
369
370
350
341
361
348
355
370
369
372
361
346
333
312
332
333
340
343
356
366
369
377
375
360
356
328
329
350
356
351
366
379
395
392
385
382
352
364
355
345
339
350
357
351
327
320
303
290
285
267
279
300
279
272
280
274
269
266
255
244
242
237
233
230
226
227
233
202
163
156
134
129
149
150
133
114
115
100
92
91
90
94
98
98
88
107
114
118
137
134
127
117
118
116
118
123
150
153
166
160
173
148
133
136
135
131
120
113
101
106
106
113
109
116
114
106
114
103
89
87
88
95
106
128
134
127
123
121
128
116
109
142
161
160
199
186
178
184
179
173
163
174
179
161
157
127
116
116
128
136
133
123
124
133
140
157
181
161
161
175
198
209
202
202
212
254
315
335
339
338
338
340
344
336
358
348
371
383
373
378
365
350
356
343
318
311
315
332
317
298
288
251
177
152
145
147
131
125
145
197
165
133
171
228
241
250
237
243
219
211
246
267
291
310
335
327
327
320
333
352
353
324
315
311
326
345
335
308
278
282
305
320
300
300
278
275
287
267
233
236
260
244
200
184
184
106
85
55
35
27
15
13
15
16
34
72
85
99
91
85
78
84
65
40
38
55
66
68
84
84
77
101
107
113
93
81
91
107
142
158
155
136
106
106
96
79
76
77
112
123
122
122
153
164
183
193
197
184
180
172
169
158
159
171
187
185
186
184
193
197
196
197
186
169
174
167
176
163
152
151
139
118
106
100
118
137
124
121
113
102
113
98
83
84
110
109
99
82
86
73
63
49
44
54
67
59
35
25
22
20
18
17
15
11
19
25
22
29
32
34
56
54
54
65
75
75
82
104
114
82
111
139
145
144
132
116
140
155
170
156
143
142
136
158
161
164
174
170
142
134
147
146
158
149
179
278
296
279
296
328
333
340
353
341
356
361
365
358
317
302
296
280
262
256
258
261
263
267
246
242
236
221
242
270
266
249
219
216
218
230
269
277
289
279
270
268
262
226
207
205
243
245
234
262
262
252
259
266
272
298
289
311
315
307
315
303
288
265
263
282
272
280
289
284
288
304
305
316
323
342
353
367
378
382
380
376
348
315
335
358
352
365
330
322
317
273
324
347
345
353
359
365
384
381
385
379
395
392
387
389
373
389
365
357
345
332
308
310
324
308
297
352
362
390
396
395
389
369
378
391
408
406
400
405
412
394
370
373
401
407
399
412
410
407
415
408
388
388
394
392
395
400
404
399
376
362
368
361
390
376
384
376
361
332
310
295
268
250
250
253
254
284
295
322
330
359
383
383
377
356
378
326
255
267
338
362
379
354
335
331
332
292
308
352
347
361
348
353
356
367
364
369
370
371
354
353
373
400
400
403
413
429
431
430
424
415
421
397
395
389
365
356
375
387
387
380
375
369
365
373
373
360
327
345
343
331
350
381
369
314
311
313
308
307
290
286
256
267
277
303
335
323
332
356
351
314
308
262
254
279
278
323
349
352
354
365
362
352
363
361
354
362
366
363
355
338
316
309
319
346
356
350
359
381
377
365
361
346
337
365
385
360
355
348
397
392
396
380
388
372
377
396
394
396
397
380
354
357
373
388
402
401
388
390
386
378
333
371
359
321
333
361
370
354
322
305
251
254
222
174
167
194
158
122
91
95
95
79
124
198
191
183
185
206
195
164
113
100
116
130
122
163
151
123
157
176
120
88
58
62
89
116
153
179
157
138
115
118
81
76
79
80
93
106
115
160
216
243
279
343
326
344
395
398
407
417
427
427
417
406
410
401
374
368
380
374
359
360
339
357
304
310
360
370
367
347
298
262
262
281
269
276
222
246
290
269
264
227
224
240
267
260
263
228
206
171
189
183
146
135
160
184
192
164
143
124
83
80
76
93
84
99
109
130
94
85
91
92
98
104
100
89
121
120
138
169
200
189
200
215
232
237
176
136
153
156
167
177
148
164
165
157
143
134
148
135
140
139
161
175
136
131
131
108
86
76
71
63
64
75
72
75
112
195
258
243
225
257
304
328
327
320
312
308
298
254
266
279
291
293
288
278
269
336
311
270
258
279
302
335
314
313
297
294
244
215
173
164
164
174
214
164
146
153
195
198
199
207
206
168
171
184
213
195
216
209
212
212
222
225
264
273
195
168
157
158
158
153
164
163
174
162
156
158
162
153
182
156
153
145
130
120
123
119
128
142
153
165
189
185
182
173
158
196
215
218
237
240
259
221
178
180
178
205
211
201
191
180
172
184
176
165
168
163
179
182
177
169
157
175
218
203
204
190
164
154
152
165
163
158
153
135
133
142
127
123
108
116
115
112
104
101
108
123
113
100
94
99
91
103
100
103
116
112
99
101
88
78
72
71
67
76
67
67
78
86
91
87
77
71
75
79
65
63
61
58
61
70
46
38
31
19
17
12
12
11
10
8
8
7
8
8
4
2
3
1
1
3
6
7
10
9
8
8
7
7
7
7
6
4
4
6
6
3
2
3
6
7
11
14
16
19
22
21
18
19
23
20
17
14
14
14
13
14
9
7
7
6
6
11
8
9
9
10
10
8
10
9
10
11
13
15
17
15
15
11
8
10
11
14
13
13
18
25
39
45
48
55
58
65
78
88
99
103
102
97
98
111
112
107
114
109
92
83
66
73
66
64
76
74
69
71
89
107
117
116
120
131
130
130
137
145
142
154
143
122
120
122
122
123
129
131
132
138
142
145
146
157
160
163
163
168
184
186
179
170
161
158
152
151
147
143
135
129
162
182
194
205
193
171
208
231
234
175
177
161
133
153
184
174
148
128
147
219
225
183
176
184
191
207
212
194
180
190
172
184
180
144
109
104
133
174
190
173
199
212
206
196
212
235
252
259
247
242
240
221
209
233
233
247
247
255
253
261
278
276
271
275
279
278
284
280
296
309
301
294
302
299
296
312
331
310
316
299
306
306
290
268
293
300
280
272
265
283
288
298
295
286
275
271
258
233
224
235
224
200
209
231
235
219
205
215
239
232
238
233
236
244
239
223
237
248
269
291
302
295
294
299
304
281
274
301
321
317
324
321
307
293
247
216
209
211
199
207
171
144
155
194
220
221
203
178
153
146
103
79
81
76
74
80
91
96
103
104
113
147
161
150
132
128
118
160
217
231
244
257
272
258
172
127
159
157
165
181
209
206
201
221
226
217
217
244
258
270
275
274
293
299
295
293
303
310
332
337
342
332
323
316
317
307
322
330
331
301
251
268
254
232
216
208
191
176
155
147
128
122
113
124
121
133
132
97
87
116
118
95
90
87
65
69
76
59
101
149
172
174
188
225
219
205
202
197
193
193
236
267
269
275
288
278
282
284
292
295
271
263
236
251
260
244
219
225
240
267
275
295
280
273
261
243
185
170
205
181
210
160
137
155
108
119
83
86
110
82
68
60
55
44
33
29
43
42
40
45
43
41
44
46
46
44
51
65
93
125
152
177
187
175
163
162
176
204
238
236
227
254
261
239
228
224
235
266
278
283
275
291
322
321
321
333
342
350
372
386
383
385
381
382
378
378
379
385
382
376
393
392
382
371
380
384
384
391
385
372
363
353
331
313
302
315
292
281
271
257
195
162
168
264
286
275
273
255
269
277
270
232
184
160
154
157
153
137
142
142
131
116
89
65
45
32
23
17
13
13
11
7
8
5
8
17
45
76
105
124
142
183
232
254
256
240
195
204
174
165
165
179
180
201
197
196
185
202
196
195
194
193
202
195
228
250
227
249
274
289
288
306
302
313
332
351
356
368
385
385
394
386
387
380
390
381
379
357
352
347
331
342
350
370
368
386
367
354
360
366
365
363
361
359
357
349
351
349
354
352
355
350
341
348
350
354
360
342
300
261
247
294
325
335
344
323
303
306
285
237
178
144
128
176
190
196
178
168
166
170
187
182
178
173
162
159
153
161
161
145
139
134
139
146
154
177
201
203
213
226
226
208
207
221
238
246
253
237
231
225
205
187
159
149
117
103
80
92
91
97
98
93
102
118
136
165
149
121
125
186
216
224
204
183
162
145
151
156
150
152
162
170
173
207
209
217
225
246
247
235
232
234
242
255
262
259
250
234
225
225
214
201
183
195
177
183
196
209
214
236
242
244
241
232
228
217
212
222
227
223
224
225
218
225
232
243
234
235
247
254
243
232
224
204
208
209
211
242
230
222
256
254
264
265
247
192
145
170
122
166
164
183
176
202
228
234
216
218
226
231
280
316
319
328
348
358
347
337
346
301
237
200
162
194
207
245
266
269
278
302
318
276
196
193
180
169
148
179
170
184
147
133
146
178
190
179
183
166
152
172
120
79
125
175
229
246
207
215
171
150
156
170
209
216
183
187
216
244
231
241
245
245
225
238
250
245
250
259
269
254
263
259
265
268
251
225
195
146
106
83
78
92
80
64
60
71
80
56
95
92
92
115
148
169
146
113
102
120
152
171
184
186
136
101
116
120
101
95
89
86
76
69
60
64
67
66
54
56
75
112
115
102
110
126
124
73
56
68
184
160
146
170
181
190
195
203
231
223
184
136
164
210
238
223
208
193
184
165
160
150
172
178
162
156
157
159
188
184
175
186
196
213
221
201
177
188
199
197
202
227
250
258
234
239
268
283
254
243
249
247
266
315
321
328
344
340
317
301
285
284
296
312
305
313
289
276
253
224
214
215
226
242
268
265
231
205
188
181
191
201
223
262
297
334
335
352
365
334
293
225
184
152
156
170
176
185
194
195
196
208
214
217
205
200
213
217
240
236
247
287
293
300
326
339
346
337
295
289
305
297
301
308
316
306
319
315
289
278
255
245
225
220
205
186
187
162
153
130
111
115
114
106
123
117
86
113
145
170
159
135
120
110
97
97
112
123
120
111
103
88
71
54
30
19
17
15
13
16
23
26
21
13
7
4
5
6
7
9
7
8
11
12
15
13
17
20
16
18
19
21
25
25
38
43
44
45
40
40
53
64
73
78
82
85
84
71
67
61
58
59
62
64
70
71
81
85
77
72
112
138
155
175
181
201
165
180
210
233
221
228
262
275
259
251
253
243
245
212
228
229
220
228
261
305
276
277
298
284
289
333
348
343
339
280
312
362
379
398
349
330
366
376
395
391
403
386
402
410
388
404
400
413
427
428
432
431
437
430
436
432
430
452
457
453
445
444
422
438
432
408
426
435
447
439
433
429
417
397
385
365
302
279
297
309
324
326
310
256
203
152
125
195
220
263
291
218
187
219
223
187
217
172
186
243
276
268
264
239
233
218
174
195
217
285
297
266
208
197
215
245
297
297
250
198
154
230
265
242
222
242
274
324
309
299
332
332
341
334
265
273
222
287
345
283
300
207
198
279
237
252
219
291
265
247
216
222
261
211
248
248
210
231
210
211
178
174
176
142
137
137
128
120
100
85
64
49
50
68
94
132
91
54
70
78
62
67
53
64
65
66
57
49
58
58
66
65
58
59
49
39
38
38
41
50
41
42
63
56
48
47
38
29
25
20
13
10
15
18
17
16
24
22
21
21
15
11
16
17
16
21
21
16
18
16
26
23
18
13
7
2
4
6
2
2
4
3
3
1
0
0
0
2
2
2
2
2
2
1
3
5
2
3
2
1
1
1
2
3
5
5
7
13
15
16
13
10
10
12
17
17
19
15
12
16
18
15
19
19
20
20
20
23
30
26
22
17
14
13
13
13
9
7
5
6
4
4
3
4
5
5
5
8
8
11
16
22
35
38
42
40
35
36
31
32
42
43
40
38
42
51
50
50
62
57
48
53
48
43
66
70
66
54
64
64
72
69
48
48
87
94
106
78
79
70
81
99
117
143
163
190
207
205
206
232
253
234
227
252
281
308
333
338
345
309
238
243
285
324
318
298
307
235
229
269
276
279
308
366
371
361
345
300
259
251
281
254
214
232
298
316
367
369
340
335
377
403
411
404
396
388
364
360
351
350
352
338
343
325
332
339
334
325
328
339
316
292
286
289
291
283
276
252
249
262
278
279
275
275
288
301
306
311
310
231
166
150
142
151
170
185
185
205
255
237
231
250
223
166
149
136
145
151
155
190
208
235
214
209
222
160
115
147
140
132
124
114
125
125
117
110
102
109
114
97
90
75
70
66
58
57
39
41
45
36
29
22
28
38
44
37
37
51
60
55
55
56
57
56
53
51
46
40
40
40
42
50
61
83
113
138
158
181
211
232
265
304
318
310
294
299
313
321
321
320
323
297
281
265
255
235
198
167
163
151
131
101
78
78
114
107
77
67
64
55
46
38
44
40
44
62
75
93
123
120
101
115
123
155
144
127
147
141
161
153
144
138
106
81
57
55
47
55
49
40
40
45
46
42
49
51
47
44
50
53
60
68
92
100
104
102
85
64
88
94
97
108
120
139
159
163
171
185
195
190
211
245
249
262
254
226
228
259
276
295
310
314
322
316
314
326
321
315
323
345
360
361
379
387
400
395
397
390
386
373
376
377
400
421
415
431
424
419
417
411
397
400
412
415
411
403
396
406
415
414
412
419
408
408
404
381
397
406
401
391
393
386
394
389
396
397
414
409
400
403
427
426
424
424
419
420
420
410
409
401
384
370
383
392
392
395
386
395
373
357
351
334
356
334
331
344
331
311
290
319
311
301
284
280
285
295
336
326
369
385
388
395
400
406
418
394
365
361
370
382
343
283
282
284
299
297
297
296
324
379
394
391
365
369
371
348
353
331
319
308
303
299
269
245
241
269
277
339
307
281
289
335
362
356
361
342
343
344
321
270
232
261
279
337
375
345
307
280
352
393
409
400
378
389
397
408
397
367
341
335
324
290
269
284
305
328
301
306
277
256
238
238
236
270
216
215
236
186
182
220
269
250
210
127
133
133
127
118
120
126
112
92
79
74
75
68
73
75
84
89
96
112
135
152
167
172
190
223
189
166
151
145
167
200
221
230
216
214
213
218
198
208
203
196
179
180
161
142
148
159
188
190
237
248
297
314
328
317
312
337
337
370
366
364
352
353
391
384
390
409
378
363
352
341
311
320
319
335
346
329
304
292
307
313
300
282
269
267
311
310
280
243
205
145
115
115
150
163
155
152
130
132
118
94
78
73
66
49
40
35
41
36
40
43
54
71
71
66
73
67
67
73
75
64
61
55
46
39
43
45
47
56
64
66
67
71
73
78
83
94
100
122
152
143
139
156
162
193
199
195
215
232
236
249
237
251
271
277
270
261
253
242
246
242
248
251
226
195
181
202
217
221
225
177
176
141
132
133
128
125
133
116
132
138
133
132
124
128
139
149
128
104
99
96
82
77
71
69
71
74
76
81
80
88
91
102
112
121
140
162
161
157
161
172
164
152
164
178
185
194
200
208
216
237
219
246
258
269
268
278
266
267
284
279
261
267
287
296
311
310
304
305
328
333
317
315
307
293
307
300
281
227
193
220
171
149
172
173
154
161
150
195
249
249
208
198
238
231
233
216
198
197
187
170
141
118
71
43
39
35
33
45
82
106
149
199
214
236
232
268
270
236
206
237
270
235
194
192
222
236
236
240
252
290
288
308
310
335
326
299
289
298
313
299
284
265
257
258
243
237
261
276
292
293
293
348
375
374
410
391
357
392
373
371
384
362
286
264
263
246
255
255
277
281
278
259
253
246
246
271
298
288
280
270
271
286
275
232
193
162
151
157
209
167
162
165
158
138
125
131
127
123
122
107
116
121
136
133
111
91
95
104
90
97
109
119
125
123
113
120
139
154
167
156
164
174
182
180
209
202
148
119
98
84
87
90
84
73
91
113
163
201
197
134
113
144
167
153
153
148
166
163
167
180
169
170
181
170
167
196
222
240
272
232
214
201
178
158
168
150
127
130
119
127
109
101
86
84
113
89
91
98
100
80
92
116
146
150
128
145
151
168
166
149
165
179
181
187
168
173
176
169
142
146
150
184
205
241
246
241
240
267
303
305
294
293
284
293
298
311
271
237
229
250
242
257
246
247
279
351
352
347
331
300
305
311
314
322
335
336
300
272
270
278
296
324
361
344
342
347
362
354
363
362
360
331
321
314
330
342
360
374
373
378
386
376
369
362
347
330
330
359
370
357
364
403
395
361
382
400
402
399
385
412
420
402
379
390
407
416
398
421
419
403
385
380
365
329
261
262
265
261
283
287
312
312
308
318
329
368
389
397
416
419
390
396
405
366
400
404
382
379
400
385
354
327
308
339
352
355
330
315
302
296
281
300
308
311
310
334
328
284
299
307
330
313
365
364
363
343
337
312
267
249
286
279
290
245
259
257
269
237
222
206
214
204
191
187
162
170
150
114
116
143
139
124
115
112
98
103
123
100
88
80
88
85
80
53
40
40
45
60
58
55
44
36
37
35
41
55
61
56
52
44
46
37
30
28
27
26
26
30
34
32
31
29
34
38
40
51
42
52
70
79
76
68
69
70
68
70
67
57
59
49
46
50
42
35
35
33
39
34
30
26
25
26
28
24
20
16
13
12
15
13
14
16
25
36
46
54
71
55
40
68
61
104
140
126
176
199
226
227
170
151
153
130
125
111
101
84
108
129
124
124
123
128
163
177
149
145
164
176
201
237
255
256
279
294
304
302
333
315
311
358
368
361
381
361
351
355
354
348
330
328
340
361
353
340
329
282
265
262
246
249
243
268
242
227
214
227
244
245
242
246
275
279
285
272
251
243
281
325
338
340
334
341
337
349
353
374
375
373
374
354
347
386
400
399
410
393
365
405
408
378
352
310
347
372
382
372
376
367
365
348
345
381
339
359
399
427
430
397
405
406
389
382
389
399
380
412
426
429
399
384
373
340
339
353
367
368
375
385
376
379
379
374
370
357
345
376
363
352
365
359
367
378
401
407
415
398
407
407
393
396
403
419
405
415
409
426
425
416
397
399
376
345
348
349
336
333
372
376
344
342
327
364
350
353
324
314
322
316
304
314
300
303
305
285
296
323
373
365
326
350
363
302
220
277
300
262
229
193
187
182
175
172
173
172
163
161
149
139
128
102
109
92
90
93
100
98
91
74
64
60
47
33
33
34
35
29
15
14
11
8
7
5
10
12
19
28
26
33
43
45
49
57
55
65
67
69
70
80
96
105
107
108
107
120
140
145
136
134
124
128
139
138
145
151
154
167
184
199
222
249
273
274
250
223
205
210
207
204
190
181
178
181
204
218
215
227
223
261
298
299
280
299
298
311
292
333