9099999999999999999999999999999999999999999999999999
908
909
910
910
909
909
908
907
908
908
907
905
903
902
901
902
902
902
902
902
900
885
889
894
895
876
890
893
893
891
890
889
890
892
894
895
895
893
892
891
891
892
894
893
894
895
897
897
897
896
896
895
895
893
893
894
894
894
893
895
892
892
892
894
895
896
895
896
895
895
896
896
895
892
895
893
887
875
888
892
893
893
894
893
894
896
897
896
898
898
899
899
900
900
901
902
902
902
902
902
902
902
904
905
904
903
902
900
899
899
900
901
902
899
898
897
896
876
867
890
893
892
893
893
893
893
894
894
896
897
899
901
902
903
904
905
904
902
903
904
906
907
906
907
906
906
907
907
908
908
909
908
909
908
908
905
904
904
904
903
903
902
900
897
897
895
894
893
895
894
894
894
895
893
893
895
894
896
897
898
900
901
901
902
902
903
905
906
905
906
906
906
906
906
907
908
908
908
908
908
909
909
909
909
909
908
908
908
907
906
905
903
902
899
896
896
896
897
896
893
891
890
890
890
892
895
899
900
901
901
903
904
905
906
908
908
908
908
909
909
909
909
910
910
910
911
911
911
913
913
912
911
909
909
909
908
907
905
903
901
898
897
896
896
895
893
893
892
890
886
887
889
890
892
893
894
893
893
893
892
892
894
894
894
896
894
895
895
896
896
895
894
895
894
896
896
896
896
894
893
891
891
891
892
892
891
888
887
884
882
863
879
882
882
882
871
879
882
881
881
883
882
885
888
891
893
894
895
896
897
900
901
902
903
903
903
902
902
903
904
904
905
905
904
903
903
901
900
899
898
897
897
896
896
856
809
808
807
808
806
796
794
797
799
820
873
877
876
877
878
880
881
881
881
882
884
885
886
888
888
891
890
888
887
886
885
886
888
888
886
886
886
887
887
884
883
881
878
879
882
883
884
884
883
882
880
879
876
875
868
874
875
875
877
878
876
878
881
882
882
881
879
879
879
881
881
883
884
885
888
889
890
891
893
892
893
892
893
891
891
890
889
890
888
887
887
888
888
885
882
881
882
883
886
886
885
884
883
876
888
886
885
887
889
892
893
892
893
893
893
894
895
895
898
897
896
897
899
900
901
899
898
896
898
900
901
901
901
901
900
898
897
895
895
894
893
893
895
895
892
894
892
892
890
888
887
887
887
886
886
888
887
888
889
890
891
892
893
893
893
894
894
894
896
897
898
898
898
898
898
900
902
902
901
901
900
900
900
899
898
898
897
896
895
894
893
893
891
889
887
883
882
881
882
882
881
880
879
879
879
881
885
888
889
891
891
893
895
896
896
896
897
897
897
898
899
901
901
902
902
902
902
903
903
902
901
900
899
899
900
901
900
900
898
896
894
893
890
888
887
887
885
885
883
882
881
882
883
885
886
887
888
890
891
891
891
892
894
897
897
898
897
898
898
898
897
896
894
894
894
895
894
894
894
892
891
888
875
865
864
863
861
861
861
859
859
859
858
858
861
858
862
863
864
866
867
868
869
871
874
875
876
875
874
875
875
876
875
875
876
877
877
876
876
875
877
873
870
870
870
870
870
869
869
872
870
870
870
870
870
871
871
871
870
870
869
869
869
869
869
867
865
865
865
867
869
869
871
872
872
872
874
875
875
876
876
877
876
877
878
878
878
878
878
877
877
877
877
879
878
877
875
874
872
872
872
875
873
873
870
852
866
863
862
861
852
863
862
860
857
857
858
860
860
861
862
862
862
863
863
864
864
863
862
863
864
863
864
866
866
866
865
865
864
865
865
865
864
863
862
861
860
861
863
863
862
861
863
863
844
858
860
861
832
829
855
858
860
859
859
860
859
861
861
861
865
867
868
868
869
871
874
875
876
877
878
878
879
880
882
883
883
883
884
883
883
883
882
882
882
880
879
878
878
878
878
877
876
874
872
871
871
871
867
865
863
861
862
863
865
868
870
872
874
875
876
877
877
878
878
876
875
875
875
874
875
876
875
873
874
873
872
871
871
870
869
869
868
867
866
865
866
864
862
860
859
859
859
859
859
860
859
858
858
858
860
861
866
868
869
867
867
868
869
871
871
870
873
873
873
874
874
875
875
875
875
875
875
875
876
876
875
873
872
871
872
871
872
871
870
870
869
868
868
869
867
866
867
865
863
863
864
864
863
864
866
866
868
870
872
872
872
872
873
873
873
874
875
875
876
877
877
878
878
878
879
878
878
879
878
878
878
879
878
876
875
873
872
873
872
873
872
844
835
832
853
866
864
864
864
864
864
865
867
870
873
876
877
878
877
878
878
879
881
882
882
881
882
882
882
884
885
884
884
882
881
882
881
881
880
879
879
879
879
878
878
878
876
876
873
873
873
873
862
874
865
867
871
868
868
869
869
870
873
875
876
876
878
879
879
880
881
881
880
882
883
884
884
885
885
885
886
887
887
887
886
884
883
882
882
882
882
883
881
877
877
874
874
874
874
874
854
870
877
877
876
878
878
879
881
884
885
887
889
891
890
891
891
892
893
894
894
894
893
893
893
893
894
894
896
896
895
896
895
894
893
894
895
895
895
893
890
889
888
887
885
886
882
879
860
876
877
877
876
877
877
881
886
892
895
896
898
896
896
897
898
900
902
902
902
902
901
901
902
901
902
901
901
901
901
902
901
901
900
899
897
896
896
894
895
895
894
892
890
870
855
884
890
891
885
877
874
873
873
878
889
892
893
895
896
897
898
900
901
902
904
904
903
904
905
905
905
906
904
903
903
903
904
903
902
900
899
898
897
897
896
895
894
893
892
891
891
889
890
889
889
889
887
887
887
886
882
883
883
884
885
887
888
891
892
892
891
892
895
895
896
897
897
899
898
898
898
899
899
899
898
896
895
896
896
897
898
898
896
896
894
892
892
891
889
887
886
885
882
880
882
881
880
879
879
880
881
883
883
883
884
886
886
887
887
887
887
887
885
884
884
883
884
884
883
883
882
881
881
881
880
877
876
875
873
873
873
873
871
865
868
871
871
865
866
866
868
871
871
871
872
875
876
878
876
878
880
881
886
887
887
887
889
890
887
887
889
889
890
891
891
891
892
892
892
892
893
892
890
888
886
886
881
882
883
879
878
877
879
879
878
871
877
874
876
875
859
871
876
875
872
873
875
879
883
886
889
890
888
890
892
894
896
897
898
898
899
899
898
899
898
898
898
899
899
899
898
898
897
895
895
894
893
893
893
891
890
887
883
882
880
879
858
853
868
882
884
883
881
884
885
887
889
889
889
888
890
892
892
893
894
895
896
896
896
897
897
898
899
898
898
898
897
896
896
895
895
894
893
893
892
893
894
892
892
890
889
887
885
884
885
884
870
882
882
882
883
884
884
888
889
890
890
890
892
893
894
893
894
894
895
896
897
898
899
898
898
896
896
897
897
897
896
893
891
889
889
890
891
891
891
891
891
890
889
888
886
886
886
885
865
878
880
882
884
883
883
885
886
888
890
890
891
892
893
894
895
896
897
897
897
897
897
898
898
899
900
900
899
897
896
893
893
893
893
893
894
894
894
894
895
895
893
891
890
889
891
890
894
897
898
899
899
898
899
899
900
900
900
900
899
900
900
900
900
899
900
900
899
900
900
901
901
902
903
902
902
902
902
902
902
876
807
794
794
795
795
794
793
791
791
790
790
790
791
789
790
790
790
791
792
793
793
794
795
796
795
796
797
798
798
798
799
798
799
800
802
803
803
803
803
803
803
803
803
803
803
803
803
803
803
803
802
800
799
797
787
770
789
794
794
794
792
791
790
790
776
786
791
792
793
793
794
796
798
798
798
798
797
797
797
798
799
801
801
801
801
801
802
802
802
802
802
802
802
802
803
805
804
805
804
802
800
797
796
795
793
791
791
790
789
789
789
790
789
787
787
786
787
787
788
788
789
789
789
789
788
789
788
788
787
785
782
784
784
785
785
785
785
785
786
788
788
789
788
788
787
786
783
782
783
784
784
773
781
780
781
784
773
782
781
781
782
782
782
782
783
783
784
783
782
783
785
786
787
786
784
783
782
783
784
785
785
785
784
783
783
784
786
787
787
786
786
785
787
789
788
787
785
784
782
783
785
785
786
783
781
780
782
783
785
786
787
787
787
787
789
791
792
792
793
792
792
791
792
793
796
796
796
795
795
795
795
795
795
794
795
795
795
794
795
797
796
794
793
791
791
790
789
789
788
787
784
784
784
783
788
791
789
789
791
791
802
803
817
826
828
830
829
831
832
833
833
833
833
832
831
830
832
833
832
831
831
832
832
831
831
831
830
827
824
823
823
826
826
823
825
825
822
822
821
822
823
822
823
825
825
826
828
830
832
834
837
839
839
841
842
844
844
844
843
844
844
843
845
846
846
845
845
845
846
846
846
846
845
843
842
841
840
840
839
839
837
835
834
835
836
839
837
837
837
837
837
833
806
804
818
832
834
833
834
835
836
838
837
838
840
840
841
842
843
843
843
843
843
844
845
844
846
846
846
844
842
840
840
840
840
840
838
839
833
831
813
819
829
827
826
825
821
826
834
836
838
840
845
843
847
846
848
850
850
850
850
850
851
852
854
856
858
859
859
858
860
860
860
859
860
860
859
858
857
857
855
854
851
851
851
848
845
842
819
832
837
834
835
834
834
835
835
833
831
833
835
838
840
842
845
848
847
846
847
847
848
850
851
851
852
851
850
850
851
851
850
850
850
850
850
850
849
848
848
847
845
843
837
837
836
835
823
829
828
828
828
829
805
798
821
824
823
824
828
830
831
833
835
837
839
840
840
841
842
843
842
842
842
843
843
842
842
842
839
838
837
836
836
834
832
830
829
829
829
829
829
827
825
824
812
822
821
820
819
819
818
818
818
816
818
819
820
820
822
824
825
828
830
832
834
834
832
834
834
837
839
839
841
841
841
841
841
841
842
843
843
841
838
836
837
838
837
834
833
831
829
825
822
819
817
813
811
810
810
808
809
808
810
810
811
813
817
820
822
824
825
827
826
827
828
829
829
830
833
835
837
839
836
833
830
827
827
827
829
832
832
834
835
837
837
837
834
834
832
832
831
831
832
830
830
831
830
831
830
831
830
830
830
832
833
837
838
838
839
840
840
841
843
844
844
845
845
847
847
848
850
849
849
848
847
847
848
849
848
848
848
848
846
844
842
841
841
838
836
835
834
834
834
832
832
830
829
826
826
827
827
827
829
829
830
832
833
832
833
835
835
838
840
841
843
843
844
845
846
846
846
846
848
849
849
849
848
847
846
845
845
845
845
843
843
842
841
840
835
838
841
842
841
840
839
839
840
841
843
844
844
844
844
846
848
848
849
850
850
851
851
851
852
853
854
854
855
855
855
856
857
855
854
852
849
848
847
846
844
844
841
838
837
835
832
814
829
832
832
832
734
671
669
667
667
666
682
729
769
814
835
839
841
842
843
845
846
847
848
851
852
853
852
851
851
852
853
854
855
855
854
853
852
851
817
791
785
793
792
790
788
787
787
780
785
785
783
783
781
781
781
778
780
780
779
782
791
804
814
826
830
834
836
838
841
844
844
844
846
846
846
847
848
849
850
850
849
848
847
845
844
843
842
840
839
837
836
836
836
836
834
833
833
810
801
799
815
832
826
836
826
834
833
834
836
838
839
840
839
839
841
842
844
846
847
846
846
846
848
849
850
851
852
852
853
853
853
852
851
849
848
846
844
841
841
840
839
839
841
840
837
836
836
836
833
833
831
829
829
829
828
830
831
831
833
834
834
836
837
839
840
841
841
842
843
844
843
844
844
845
844
844
845
846
846
845
844
842
842
841
839
836
832
831
831
830
830
830
830
831
828
826
824
823
820
818
817
816
817
817
819
822
826
829
833
836
837
838
838
840
841
842
843
842
843
842
842
843
844
844
844
822
814
834
840
840
840
840
839
839
838
837
835
833
831
828
825
823
822
821
822
822
821
822
820
821
822
823
825
828
831
832
833
834
835
834
836
837
838
838
0
0
839
840
840
839
839
838
838
838
838
837
835
834
834
834
833
833
833
832
832
832
831
830
828
828
825
823
822
828
827
825
823
821
822
823
822
825
825
826
826
826
826
827
827
827
827
827
828
829
829
829
830
830
830
828
829
829
828
827
825
824
824
823
820
818
818
819
815
813
810
812
801
810
810
811
813
813
814
811
813
814
816
815
816
817
817
818
818
817
817
818
821
828
831
833
834
834
834
836
836
836
837
836
835
836
837
839
838
837
836
836
836
836
837
837
836
836
834
832
814
829
832
830
804
791
819
824
823
822
824
823
822
822
823
825
827
830
832
833
834
835
836
837
839
840
840
840
840
840
838
838
838
838
838
837
837
834
832
830
831
831
831
831
829
828
827
809
823
824
824
825
815
822
823
824
823
822
821
822
821
823
825
827
831
832
836
839
840
843
845
846
848
849
847
846
847
847
846
847
846
845
842
841
840
840
840
840
841
840
839
838
830
828
829
827
826
824
821
820
820
819
819
819
817
816
817
817
818
821
831
835
833
832
834
835
837
839
841
840
841
840
840
840
840
841
841
842
842
842
841
839
838
838
838
837
838
837
835
832
832
830
828
828
826
824
824
824
822
822
820
816
818
819
818
819
820
822
823
825
826
827
829
832
834
836
837
838
840
839
839
840
840
841
840
839
839
839
839
840
839
838
822
819
818
817
818
817
816
816
816
815
815
816
817
817
817
818
819
819
817
816
814
812
811
811
812
815
818
820
824
825
825
825
825
824
824
826
825
825
826
825
825
826
828
829
829
828
825
823
820
817
815
816
813
812
809
808
809
793
805
807
805
802
802
790
797
784
792
796
796
796
797
799
802
805
807
809
810
809
809
810
813
813
814
814
815
816
816
818
821
822
823
823
821
820
819
819
818
817
817
816
814
813
814
813
812
811
809
808
804
804
804
801
801
800
799
798
798
801
802
805
806
808
808
808
810
813
815
818
820
822
822
823
824
824
825
826
826
826
826
827
828
828
828
827
826
824
822
823
822
818
809
789
768
766
765
763
761
761
760
756
756
753
751
768
771
773
787
799
803
805
808
809
810
810
811
812
813
814
815
815
817
816
815
815
816
818
819
818
818
818
817
815
806
806
806
806
804
801
801
798
795
792
792
780
789
790
793
792
791
793
791
784
782
784
786
787
791
793
795
796
798
798
799
801
801
803
803
803
804
804
804
805
807
808
808
807
807
805
804
803
802
803
802
802
801
802
800
798
799
798
772
767
765
764
764
763
784
788
789
787
788
789
789
794
796
797
799
799
800
800
800
801
801
802
802
802
802
803
803
803
802
801
803
801
800
800
802
802
802
801
800
798
796
796
795
794
794
794
794
794
795
795
795
793
792
790
788
788
789
789
789
789
790
792
792
792
795
796
796
796
796
795
796
797
798
798
797
797
798
797
797
796
796
796
795
792
791
789
790
791
791
792
791
790
791
792
794
794
793
793
794
793
793
792
790
791
789
790
791
790
793
793
796
797
798
798
799
800
801
800
801
800
800
801
801
800
801
802
802
801
801
801
800
799
797
798
775
774
772
772
771
771
772
761
755
753
754
757
753
754
770
776
778
774
775
776
778
780
782
783
798
800
800
803
806
806
808
808
809
809
810
812
814
814
814
814
816
815
814
814
815
815
814
813
793
790
789
788
788
788
786
783
785
783
763
760
759
759
758
756
752
753
755
759
757
758
766
780
783
802
821
845
851
853
813
812
812
811
812
813
813
812
812
813
814
813
814
814
815
814
815
815
815
814
814
812
811
764
726
726
725
758
798
810
809
808
810
810
809
808
808
808
809
811
813
816
819
821
823
823
824
825
826
826
825
825
825
825
825
827
827
828
827
827
827
826
826
827
827
828
807
805
803
804
804
803
801
800
790
786
786
795
796
782
793
791
791
791
790
789
792
802
813
816
817
819
823
825
829
830
831
832
831
832
833
835
834
834
833
833
834
836
836
836
836
836
835
834
813
810
809
807
806
804
804
804
804
803
803
801
800
798
813
831
832
832
835
838
855
859
860
841
822
823
823
821
821
822
823
823
823
824
825
825
824
825
827
827
827
827
828
828
830
830
831
832
833
832
830
828
826
826
825
825
823
820
819
814
812
814
817
830
846
847
846
845
846
848
851
854
858
861
865
866
869
866
832
831
833
835
835
849
874
878
877
877
876
875
875
872
871
871
871
870
870
869
868
866
864
863
861
861
861
860
860
862
866
865
863
861
858
857
856
856
857
858
860
861
864
867
869
869
871
872
873
872
872
873
873
874
873
873
873
873
873
874
874
873
871
870
870
868
867
864
864
863
861
858
857
857
855
856
855
855
819
811
822
810
818
817
834
844
848
847
848
852
855
857
859
860
862
864
865
866
867
867
868
868
868
867
867
867
869
871
870
869
868
867
866
867
867
865
864
864
864
862
863
854
851
850
850
843
843
843
842
844
848
849
849
848
849
851
852
856
859
861
862
862
863
864
865
866
868
869
870
870
871
873
874
874
874
875
874
874
874
874
874
874
873
870
868
867
866
864
862
860
858
858
858
857
855
854
841
851
852
857
857
858
857
856
855
857
860
863
864
866
867
869
871
874
875
876
877
877
878
876
877
877
877
877
877
877
877
876
875
875
861
857
856
857
857
858
856
855
854
854
853
851
849
848
828
841
842
842
843
844
843
843
842
842
845
848
848
850
851
852
852
853
855
855
855
854
855
854
853
855
856
858
859
859
859
858
858
858
857
856
854
852
848
843
809
800
804
820
839
841
841
840
842
843
843
841
840
839
838
839
843
847
850
852
854
854
854
859
862
862
864
864
864
865
866
868
868
868
867
868
870
870
869
870
868
867
866
865
866
866
866
864
863
862
861
859
857
855
853
853
853
851
852
851
852
852
853
856
858
860
862
864
864
865
867
869
869
867
866
866
868
866
867
868
868
867
867
867
866
865
864
863
862
861
861
860
860
859
858
855
854
853
853
855
854
853
853
852
853
850
850
850
851
852
854
856
858
863
865
866
867
870
871
872
873
874
873
874
875
875
875
875
876
877
876
875
876
875
875
872
872
871
870
868
866
866
867
868
870
871
857
869
870
871
872
873
871
870
868
865
865
864
863
865
866
865
865
867
869
870
872
873
874
873
874
874
876
877
878
879
880
879
878
878
877
876
875
874
873
872
872
871
871
871
869
868
867
864
861
836
823
823
848
858
858
855
855
853
853
852
851
851
853
856
860
865
869
869
871
874
875
876
877
878
878
879
879
879
879
879
880
878
877
877
875
873
872
870
868
867
865
864
863
861
859
861
845
861
865
865
863
863
863
862
862
862
861
861
861
862
865
867
870
871
871
873
874
875
875
876
876
876
876
876
875
876
876
875
875
874
872
872
872
870
869
867
865
864
863
849
844
841
841
839
851
823
821
823
825
851
849
819
817
817
832
848
850
853
858
862
863
864
866
867
868
868
870
871
872
875
878
878
878
879
879
880
853
825
819
814
810
810
809
808
808
807
806
804
803
802
801
801
799
795
794
790
790
788
786
785
786
785
785
786
785
786
789
792
794
795
797
799
800
802
805
807
808
822
838
840
855
865
865
865
866
868
876
876
875
875
874
874
873
872
871
871
871
870
867
866
865
865
865
865
864
862
860
860
860
860
860
861
861
861
863
863
862
863
864
865
866
866
867
867
866
865
865
865
864
864
864
865
865
866
866
839
807
774
730
703
696
695
695
694
693
692
691
691
691
691
689
689
689
688
688
688
689
691
690
689
689
690
691
693
695
696
698
700
700
700
700
701
702
703
703
703
703
706
706
707
708
709
707
706
707
707
707
707
707
705
704
703
701
701
700
697
696
692
693
690
679
691
691
691
690
689
689
687
687
688
688
689
692
695
697
698
701
702
702
703
705
705
705
706
706
706
706
707
707
707
706
706
705
704
703
703
702
702
701
700
696
695
662
664
693
692
692
693
689
655
658
683
683
681
679
680
681
684
687
689
691
693
696
696
698
699
699
699
700
702
703
705
704
705
705
706
706
706
705
705
704
703
703
703
701
700
699
698
695
693
693
676
689
690
691
690
691
691
692
691
690
692
693
691
692
693
695
696
696
697
697
698
700
701
702
704
705
706
706
705
706
706
707
707
707
707
707
705
705
704
703
703
701
700
699
698
697
696
695
692
691
691
690
691
692
692
690
690
690
689
689
689
691
691
692
694
695
698
699
702
705
705
705
706
706
706
706
706
706
707
707
708
708
707
706
704
703
701
699
697
697
695
683
681
681
681
680
679
678
677
678
678
678
678
677
677
676
675
674
674
675
686
687
688
690
692
693
693
693
694
693
695
695
696
695
694
693
692
692
692
691
691
690
689
688
687
686
685
685
685
685
683
683
682
681
681
680
681
680
679
678
677
675
675
675
679
678
678
680
683
683
688
691
694
698
700
704
705
704
705
707
709
710
711
710
711
711
711
711
711
711
710
709
711
711
710
708
708
705
704
702
700
700
702
700
700
701
700
700
701
701
700
702
700
701
701
702
702
703
704
704
706
707
707
709
710
710
710
711
714
717
718
719
720
720
722
722
722
721
718
716
716
716
714
712
711
702
701
701
700
701
700
700
703
704
702
694
709
695
708
710
705
699
718
723
724
725
725
727
729
731
733
736
736
737
739
738
741
742
744
746
747
747
748
749
749
749
749
748
746
745
743
741
738
734
732
729
724
723
723
717
715
717
714
715
712
710
707
706
706
705
706
707
709
712
714
716
719
720
723
723
726
724
724
724
722
720
719
719
718
718
718
716
714
715
711
708
705
702
701
699
702
709
715
721
723
723
723
722
721
719
718
718
717
715
698
710
714
715
716
718
719
721
723
725
729
731
732
732
733
734
734
734
736
739
739
740
739
739
739
739
739
739
737
736
737
739
741
738
738
735
733
733
732
731
731
729
727
726
724
712
723
722
718
717
714
714
712
713
711
711
713
715
718
721
723
726
728
732
732
735
737
736
738
738
739
737
738
736
734
733
730
728
727
727
726
724
723
722
721
719
719
717
716
714
714
713
712
709
708
708
708
708
708
707
709
713
716
718
720
723
725
727
729
730
731
732
729
728
728
727
728
728
729
728
728
728
729
729
728
727
726
726
725
724
723
721
719
718
721
721
721
722
721
721
720
720
720
721
719
718
718
719
719
719
720
721
721
723
725
727
728
727
727
727
727
728
729
732
731
733
731
732
732
733
734
733
731
732
733
734
734
732
731
729
728
728
726
725
724
724
724
724
724
723
723
721
718
717
716
715
717
718
718
722
725
728
730
732
731
732
734
736
736
737
737
737
737
738
740
740
743
744
745
742
738
736
735
734
733
726
699
685
682
681
680
679
678
676
674
674
674
673
671
670
671
668
666
666
666
665
666
667
668
670
674
677
679
681
684
684
685
686
687
686
686
687
687
687
686
687
688
686
685
683
682
681
681
681
680
680
680
679
678
662
674
674
673
671
672
672
668
670
670
706
738
781
794
793
794
795
797
800
802
805
806
807
809
810
811
813
814
817
817
817
818
818
818
819
821
821
821
820
818
817
816
813
811
811
809
808
767
723
721
721
755
793
801
802
802
801
801
799
797
794
794
792
792
795
798
798
800
802
803
805
805
807
809
811
812
812
812
813
815
816
818
818
817
815
813
812
813
814
814
812
812
813
814
812
810
811
810
809
809
808
808
806
805
803
799
797
797
795
793
796
799
802
803
804
807
809
810
810
810
810
811
813
814
815
816
816
817
818
820
821
820
820
820
818
818
819
818
815
813
811
809
798
800
806
806
805
803
802
799
799
797
794
790
790
788
787
789
788
799
803
804
805
808
811
819
821
824
826
827
828
829
829
830
830
830
829
830
828
826
825
825
824
823
822
820
818
818
819
818
817
816
817
819
819
820
819
826
827
824
823
820
819
819
820
821
823
829
830
833
835
836
837
840
839
841
840
841
841
842
842
843
842
841
841
843
842
842
841
840
839
838
838
837
836
834
835
836
836
836
838
838
838
838
838
839
837
834
833
830
829
830
829
830
829
831
833
834
835
837
838
838
840
840
840
840
842
842
841
841
841
841
841
842
841
841
841
818
793
791
790
788
781
780
779
778
778
778
778
777
777
752
740
741
765
774
774
774
773
772
773
774
771
774
774
776
779
782
785
787
790
792
793
794
798
801
802
804
804
805
805
807
808
809
809
809
807
806
805
803
801
800
789
788
787
789
786
785
782
780
778
773
776
776
783
811
817
816
817
818
817
819
820
822
824
827
828
829
830
833
835
836
837
839
839
841
842
843
845
844
844
845
846
845
844
843
842
840
838
836
835
833
831
831
829
827
826
825
823
823
822
821
820
799
814
815
815
815
800
659
657
662
665
668
671
674
675
677
677
678
715
760
808
847
848
850
850
849
848
849
849
847
845
843
841
840
839
838
837
834
832
830
830
830
829
825
822
818
817
776
768
765
764
763
761
761
761
760
762
763
765
768
779
806
812
815
816
818
818
819
821
822
830
837
838
838
839
837
838
839
838
837
835
835
834
833
833
831
830
829
828
828
825
823
821
821
819
817
815
812
807
804
802
802
802
805
806
808
812
816
820
825
827
830
832
834
835
837
839
839
840
841
841
842
843
844
844
843
842
842
840
840
839
838
838
839
837
835
836
835
836
836
834
836
837
838
837
833
829
827
823
822
822
823
823
825
827
831
834
836
837
839
840
841
841
843
842
841
842
843
843
843
844
846
846
845
844
843
843
842
842
840
840
840
841
840
840
839
838
838
838
838
837
836
836
834
831
828
825
826
828
828
830
832
834
835
835
836
838
839
841
842
843
842
843
844
846
845
848
850
849
850
852
852
850
847
845
845
844
843
844
844
832
845
844
843
842
842
841
838
837
839
838
834
830
828
826
823
823
824
826
829
833
837
839
842
843
844
844
846
846
846
846
846
845
847
848
849
849
849
848
847
846
843
843
842
841
841
842
840
839
837
825
822
829
830
829
826
825
824
823
820
820
818
817
820
827
834
839
843
846
849
847
847
847
848
849
850
850
849
847
847
848
848
849
851
852
852
852
853
851
849
848
842
841
837
838
819
816
815
814
812
810
810
809
808
782
779
799
806
788
801
803
805
785
785
789
793
795
798
798
800
802
803
804
806
807
806
806
808
810
810
810
810
810
811
810
808
806
804
802
800
799
798
797
798
799
799
794
790
789
788
787
786
783
785
784
782
762
778
779
796
807
810
813
814
815
816
816
817
818
820
820
822
824
824
824
825
826
827
828
829
829
829
828
826
826
825
826
825
822
819
818
817
816
817
816
815
817
816
813
811
811
811
809
804
799
800
799
798
795
795
796
798
800
803
807
809
810
812
813
814
815
815
816
818
819
821
822
823
823
823
822
821
820
819
818
817
815
815
814
814
814
811
811
807
806
805
804
804
805
803
801
799
796
795
794
796
799
786
778
782
786
787
788
789
789
799
811
815
817
819
819
820
819
819
820
820
820
819
819
820
819
818
819
819
817
816
792
786
786
784
782
780
779
777
746
737
735
732
732
731
731
730
730
731
733
736
739
744
747
750
741
739
746
750
752
754
755
756
759
770
772
773
774
774
773
773
772
772
769
768
767
766
764
762
760
759
754
752
749
749
748
746
746
745
743
739
740
737
735
731
731
730
709
695
665
652
644
649
651
660
670
681
681
684
686
687
688
688
688
688
688
688
689
690
689
688
687
687
686
686
684
683
682
682
681
683
686
684
683
682
683
681
658
655
649
651
656
670
671
671
674
673
673
676
678
679
682
685
686
687
687
688
689
691
693
692
693
694
695
696
696
697
697
697
694
693
694
692
690
688
687
685
684
682
679
701
722
729
728
727
731
731
727
725
723
722
721
720
724
724
724
724
727
732
735
738
741
752
760
762
766
769
770
770
773
773
774
775
776
777
751
684
669
668
667
666
665
665
664
663
660
659
657
654
653
651
647
644
641
640
639
637
635
636
634
635
634
636
637
638
640
644
648
651
652
654
685
745
765
764
765
765
765
766
768
770
771
772
771
770
769
768
767
767
767
766
767
766
766
765
767
767
765
763
764
765
764
761
760
759
758
758
759
759
758
756
756
757
759
761
763
766
767
769
771
771
773
775
776
779
781
782
784
784
785
785
785
784
782
781
780
778
776
774
773
771
769
769
766
766
765
763
763
761
759
759
757
756
756
757
755
754
752
756
757
759
762
757
738
739
740
742
743
744
747
749
745
743
746
746
747
756
769
780
782
783
783
779
777
774
770
768
767
767
766
765
762
760
756
760
763
765
763
762
761
761
758
762
765
765
764
765
767
771
796
801
803
803
804
804
806
808
809
810
811
823
824
825
831
832
834
835
836
836
835
834
833
832
831
831
830
828
827
824
822
820
807
819
805
747
747
756
759
752
751
751
752
757
756
767
767
766
766
770
770
772
772
775
776
779
781
784
784
785
786
787
787
788
789
788
787
786
785
783
782
781
779
778
774
772
768
765
764
764
760
778
786
784
783
773
786
785
780
782
785
787
787
791
792
793
796
800
802
804
808
810
812
815
816
818
817
820
821
822
823
823
825
826
827
826
826
824
823
821
819
816
815
813
810
806
806
807
795
788
791
790
766
760
780
780
779
788
796
794
795
797
799
802
806
811
812
814
816
817
820
823
825
825
825
825
825
826
828
828
827
826
826
827
828
826
826
825
818
815
815
813
813
812
810
809
807
807
807
807
806
804
806
804
813
808
811
808
808
810
813
816
818
819
823
827
829
831
833
835
836
837
837
838
839
840
839
839
840
841
841
840
839
838
839
838
836
833
822
821
819
816
814
812
819
816
813
811
807
806
807
811
809
809
810
809
810
812
814
815
815
818
823
825
829
831
835
837
838
838
839
839
842
843
845
846
847
848
848
849
848
848
846
844
843
842
839
836
832
831
829
825
823
823
822
821
820
818
815
815
812
811
809
806
806
807
808
809
808
812
813
816
820
823
827
826
828
827
829
831
833
835
834
835
837
838
837
836
834
833
832
832
831
829
826
824
824
824
824
824
823
820
818
815
813
813
811
810
807
805
805
804
804
805
804
806
808
811
812
814
819
821
822
824
826
827
828
829
830
832
832
832
833
833
833
832
831
831
831
830
829
825
823
823
821
819
814
818
817
817
817
818
823
823
807
815
815
810
811
812
821
825
826
827
829
831
832
835
836
838
841
841
843
843
845
845
846
847
849
850
851
853
852
850
851
850
850
848
847
846
844
839
835
830
807
817
818
819
821
820
823
827
825
829
833
837
841
842
842
842
840
840
842
847
854
857
859
862
864
866
866
865
864
865
864
864
865
866
866
867
867
864
861
860
859
857
856
834
831
830
831
831
824
828
828
808
784
780
801
812
810
811
805
805
828
833
833
835
838
839
843
846
849
853
854
857
859
860
864
867
868
869
868
870
872
872
873
877
877
877
875
876
878
875
871
867
849
843
840
837
830
824
831
826
824
823
820
820
816
813
807
805
805
803
802
801
804
806
807
810
816
821
821
823
824
826
829
829
826
828
831
834
835
836
837
837
838
835
834
835
835
835
834
832
830
826
824
821
818
816
818
821
820
820
818
819
816
815
812
811
811
812
814
818
823
829
832
835
837
837
838
840
842
845
845
848
850
850
850
851
852
851
852
852
852
852
851
851
851
850
850
850
849
850
849
849
847
847
847
846
842
837
836
833
834
832
829
828
828
830
828
831
832
833
834
836
838
839
840
841
839
840
839
840
842
843
844
846
847
846
846
846
846
845
845
845
845
844
844
843
834
808
809
808
840
842
842
841
840
839
838
839
838
836
834
833
832
832
832
833
834
835
837
839
839
842
843
842
842
841
842
842
844
846
848
847
848
849
849
849
850
851
850
848
847
846
845
844
842
841
840
839
839
838
836
833
832
828
825
825
825
823
823
818
817
817
819
821
824
826
827
829
831
833
836
838
838
839
841
841
842
842
841
842
843
843
843
842
842
841
839
839
838
837
836
836
836
838
837
836
836
837
838
837
835
835
833
812
824
824
825
827
826
827
828
830
831
834
835
839
843
844
844
846
848
850
850
851
854
857
856
855
856
854
854
852
852
851
851
852
851
850
846
843
844
841
841
841
841
839
836
835
837
836
838
818
832
834
831
831
830
833
834
836
837
839
842
844
848
850
852
856
859
860
861
863
866
867
866
865
865
865
866
866
865
864
864
863
862
861
860
855
853
850
847
846
845
844
844
843
842
842
841
830
835
836
835
834
833
832
834
834
837
840
843
845
845
847
848
850
851
851
850
852
852
852
851
851
851
850
849
849
848
848
848
844
845
846
847
844
841
836
819
831
830
828
828
827
827
828
826
823
821
818
816
815
816
817
817
819
820
822
825
828
833
838
842
843
844
844
847
848
849
850
853
855
858
859
859
858
859
857
856
857
857
856
853
850
848
846
842
841
837
835
834
834
832
831
830
829
826
824
822
820
819
816
818
821
820
821
816
802
803
813
820
823
825
827
828
830
831
833
837
846
847
850
849
851
852
852
852
853
852
852
849
847
843
841
837
835
834
832
831
832
830
829
827
824
821
819
816
816
819
820
821
823
824
827
829
831
834
837
839
842
844
843
844
844
844
846
846
844
844
846
846
846
847
846
846
846
846
844
843
842
841
839
837
836
836
825
834
833
832
832
831
825
824
819
818
800
801
807
809
810
810
820
822
823
824
827
832
838
837
837
836
836
837
838
839
840
841
841
842
842
842
841
840
838
837
836
835
834
832
831
829
811
825
826
824
822
820
817
815
810
811
810
808
806
808
810
815
819
821
824
828
830
831
832
835
836
838
839
840
840
840
840
841
841
839
839
839
840
840
840
838
835
835
832
832
831
830
829
828
825
823
822
822
820
823
822
821
821
821
816
816
815
815
815
814
814
815
817
821
824
825
825
826
828
830
832
831
832
831
833
834
834
834
835
835
834
834
832
830
830
828
828
826
825
826
820
816
816
812
812
816
822
820
818
819
810
810
820
820
820
818
819
819
820
822
824
825
827
828
829
829
828
827
828
826
824
825
825
825
826
825
826
822
819
816
811
809
807
807
808
808
808
808
811
811
802
812
812
813
816
815
813
812
810
810
810
810
809
810
811
814
814
813
815
816
818
821
823
824
824
825
827
829
831
830
832
834
835
836
836
836
836
837
836
836
835
835
838
836
833
829
829
829
830
828
829
828
828
827
827
825
824
823
823
820
818
815
816
816
815
816
816
817
820
822
827
833
836
839
840
843
844
844
844
844
845
846
846
845
845
846
847
847
846
846
847
848
850
853
852
852
851
831
847
849
848
845
842
842
839
837
832
831
827
826
827
827
827
826
826
828
828
831
834
837
841
842
843
845
845
846
846
848
847
846
847
848
848
847
847
844
844
845
844
843
841
840
838
835
835
823
829
827
823
821
820
817
817
815
811
808
806
805
804
805
804
804
804
808
814
817
819
823
827
826
827
832
835
837
838
841
844
845
846
847
848
848
845
844
843
841
842
841
840
839
840
839
826
835
830
825
817
805
815
809
807
806
803
802
785
798
798
798
800
804
807
812
816
821
822
827
833
835
836
836
838
839
839
839
841
842
842
842
844
845
845
844
843
839
839
836
834
824
813
810
807
805
802
798
797
794
793
765
761
788
791
802
807
808
809
809
812
814
816
816
817
820
823
825
828
830
830
831
833
836
837
838
837
838
838
839
839
839
838
839
839
841
842
840
836
832
827
825
822
821
821
820
818
815
813
813
812
810
806
805
802
800
800
803
803
805
806
807
809
813
817
820
821
825
827
829
830
830
829
831
834
834
834
835
832
832
832
831
830
830
829
827
827
825
825
818
813
811
809
808
806
804
802
801
801
803
798
798
798
801
803
805
805
807
808
810
813
815
818
821
823
826
827
827
827
830
831
831
832
834
834
835
834
835
835
833
834
833
832
831
828
826
825
824
822
820
821
820
819
817
816
816
816
814
811
808
809
810
811
812
811
812
814
816
819
823
828
829
832
832
834
838
839
840
840
841
841
841
843
819
753
735
735
734
733
733
731
677
629
627
625
624
623
620
618
621
623
622
623
623
621
617
614
612
611
609
610
612
613
615
615
616
619
622
625
616
583
585
587
589
589
592
595
597
596
594
594
595
595
595
593
593
591
591
591
590
587
584
582
580
580
581
583
584
584
584
580
577
579
576
572
571
568
567
566
566
566
568
569
572
575
578
581
582
583
584
586
587
587
587
587
587
588
588
588
586
585
584
583
583
582
582
582
581
581
583
583
583
584
583
582
579
577
577
581
581
583
582
580
579
578
578
578
579
579
580
581
583
585
587
589
591
592
593
594
596
597
597
597
598
599
600
598
600
600
599
599
597
595
594
593
591
591
592
593
591
590
589
586
587
586
583
581
580
580
578
577
560
576
579
580
580
582
582
585
587
588
590
590
592
593
592
592
591
592
592
593
593
594
593
595
594
593
594
591
590
588
587
587
588
587
588
589
586
581
579
579
580
584
584
582
584
585
584
583
584
586
585
585
586
585
586
589
588
589
589
590
590
592
594
595
596
597
596
597
599
599
599
599
599
598
595
592
592
590
590
590
590
590
588
590
590
590
589
588
586
585
584
586
587
587
589
598
600
598
597
595
597
596
595
597
600
599
600
601
602
603
604
605
606
608
609
608
626
645
649
653
652
653
652
653
652
653
652
652
651
650
647
648
610
593
593
592
589
586
586
585
616
631
626
636
653
687
709
710
710
712
715
714
715
716
717
722
725
726
727
727
727
728
730
731
731
731
734
734
734
735
737
736
734
735
736
737
737
736
735
733
733
731
730
726
721
720
717
715
714
713
711
709
708
706
707
708
708
708
707
708
711
712
711
713
717
720
723
724
725
729
729
730
731
732
731
731
733
734
733
732
731
732
732
733
732
731
733
733
734
725
729
729
726
724
724
723
723
723
721
721
720
720
721
722
722
722
721
723
724
725
724
725
726
726
726
727
728
729
731
731
731
730
733
733
732
733
731
730
729
731
732
732
732
733
732
731
727
727
728
726
727
726
727
727
723
719
707
685
685
685
690
718
721
719
718
715
715
719
722
725
726
731
733
733
734
733
734
736
736
737
739
740
742
742
743
743
742
740
732
732
731
731
729
729
726
724
724
723
721
720
718
716
693
686
689
704
704
702
702
701
702
703
704
710
714
716
718
723
729
732
732
735
736
739
739
739
740
741
742
743
743
744
744
742
742
741
740
739
738
737
736
735
732
730
728
727
725
725
724
722
721
721
721
721
720
718
716
714
712
714
715
717
719
723
726
728
729
732
733
733
734
733
733
735
735
735
738
740
741
742
742
742
741
740
740
740
738
736
718
711
708
707
707
704
701
684
692
691
689
690
689
689
689
688
691
689
687
686
688
695
700
704
711
712
714
716
717
718
719
719
720
720
720
721
723
722
722
723
723
723
723
723
722
722
720
718
716
713
711
709
708
707
708
707
707
706
693
701
698
696
692
691
689
689
690
691
694
696
698
699
700
701
703
708
710
710
710
712
711
708
709
712
715
717
719
722
722
723
722
721
721
721
720
717
713
708
707
705
703
700
698
697
695
692
692
688
685
686
684
684
671
673
676
679
685
689
687
688
692
696
709
712
712
713
715
716
716
717
716
717
718
718
718
720
723
723
722
723
722
723
722
719
715
709
707
707
703
699
700
702
698
696
695
693
690
685
684
683
682
684
685
682
685
689
689
691
694
698
702
705
705
707
712
713
713
714
714
714
715
716
717
718
720
721
721
721
721
717
715
715
713
711
710
709
697
702
695
697
699
695
692
685
645
634
634
627
619
622
630
632
603
561
566
575
579
586
592
595
597
597
599
599
600
599
600
601
602
603
602
600
596
596
598
597
597
597
596
597
599
600
598
598
598
596
594
607
618
619
619
617
616
619
619
617
613
612
611
611
615
607
643
671
676
678
682
684
685
686
686
686
687
686
684
680
679
679
679
677
677
676
674
673
671
669
668
671
687
695
694
703
709
709
714
716
716
714
719
720
723
723
724
724
726
721
722
725
727
728
730
730
732
732
731
731
731
733
734
736
737
740
740
723
718
719
717
710
711
711
726
744
743
744
709
663
663
607
570
568
567
566
568
568
565
564
562
560
597
639
633
639
639
640
640
641
642
643
645
647
649
652
655
658
660
661
663
664
665
664
663
664
664
663
663
663
662
662
662
663
662
660
656
655
657
657
658
658
660
660
660
657
654
654
652
652
652
650
649
649
648
648
649
647
648
648
650
655
658
661
664
665
666
667
668
668
669
670
671
669
669
668
671
670
670
671
673
673
673
672
673
671
670
665
663
661
658
655
654
652
649
648
644
642
672
681
680
677
679
680
678
693
707
707
714
738
748
750
752
751
752
754
755
756
757
759
760
761
760
762
757
743
731
731
730
729
726
728
729
727
724
724
728
726
725
723
721
720
719
716
716
714
712
691
643
642
651
682
723
727
725
728
729
729
733
736
750
772
773
775
778
779
780
781
781
782
783
783
783
783
784
783
782
782
782
781
781
779
777
773
773
770
766
764
763
760
759
756
756
754
753
752
751
750
749
752
753
752
753
754
756
758
761
766
769
770
770
770
773
773
774
773
773
772
774
774
775
775
776
775
775
774
773
773
772
771
771
769
754
743
743
747
738
758
760
759
731
726
751
757
753
752
753
753
753
753
757
759
763
768
772
773
776
777
778
780
782
784
785
786
787
786
788
788
786
786
785
782
782
780
779
778
778
771
744
739
736
735
733
732
751
751
738
738
736
762
833
850
850
849
848
847
848
852
853
855
856
857
858
859
858
860
859
859
861
863
864
865
863
863
863
863
864
864
864
865
865
864
864
865
863
862
862
860
858
847
851
841
854
854
851
850
851
853
852
852
852
851
852
852
850
851
851
851
853
853
855
855
854
855
855
853
854
855
856
857
856
856
856
856
857
857
856
853
851
849
849
849
848
848
848
849
850
849
848
850
836
844
845
844
842
839
835
829
828
826
826
827
828
828
829
833
833
835
837
838
839
840
840
841
843
844
845
845
797
846
846
846
846
847
847
846
847
846
846
845
845
843
840
840
836
836
833
831
829
827
826
824
823
822
820
819
816
818
820
821
819
818
819
821
822
824
825
828
829
830
831
830
829
828
831
829
812
814
816
816
816
814
812
812
811
813
816
817
818
818
815
813
813
812
809
806
819
820
816
814
803
811
811
811
809
806
802
801
802
806
806
806
810
811
815
819
822
824
826
826
829
831
834
832
829
830
830
830
831
832
836
836
835
836
780
754
755
754
755
755
754
753
753
752
751
749
748
749
749
747
747
747
747
748
747
747
753
757
768
774
787
807
818
823
825
832
834
830
827
835
835
835
834
834
833
831
831
832
832
831
829
827
828
828
828
826
826
824
824
824
825
824
810
815
827
828
829
827
830
832
828
823
819
821
831
832
832
832
833
835
837
837
838
841
840
839
841
841
843
845
844
845
847
848
848
848
848
848
849
849
850
851
852
851
851
849
842
840
840
828
809
818
827
830
829
828
827
825
823
821
820
818
818
819
821
823
826
829
835
838
840
842
843
846
849
849
850
850
852
851
853
857
859
860
860
859
859
858
857
856
857
857
856
853
848
833
841
839
835
827
828
823
821
817
814
812
811
813
812
811
809
811
813
815
821
826
828
831
834
837
837
839
839
840
842
843
845
847
848
849
851
852
852
852
852
852
854
855
855
854
852
850
846
841
839
837
833
831
830
826
822
820
818
817
816
815
816
817
818
821
822
824
826
830
833
833
835
837
837
838
840
843
843
844
845
846
847
850
852
852
852
850
849
847
846
845
844
843
843
843
842
840
835
830
829
828
826
826
822
821
818
818
816
812
812
813
813
813
815
816
821
825
829
833
835
838
839
840
841
842
843
844
845
845
845
846
847
847
848
849
848
847
845
844
843
843
842
840
832
823
824
824
824
806
789
787
805
817
814
816
815
815
816
817
817
819
819
823
826
828
831
831
831
832
831
830
831
830
830
831
831
831
832
833
833
832
826
824
823
821
822
822
820
821
818
817
813
814
814
811
809
806
804
805
812
808
808
808
805
802
798
801
805
810
811
812
813
816
819
822
824
829
830
831
833
832
831
832
835
835
837
839
841
842
846
846
843
842
842
843
842
842
842
840
825
822
823
822
822
821
820
821
788
793
817
819
818
818
817
818
818
820
822
832
841
843
843
845
846
849
850
851
854
855
857
855
856
856
855
857
857
856
856
855
855
856
857
854
852
849
849
848
848
847
846
830
841
844
846
843
841
840
839
839
839
838
840
841
842
841
843
846
847
849
853
853
852
854
854
855
856
857
857
858
857
857
858
859
858
860
861
860
858
859
858
859
858
858
858
858
855
851
849
827
842
847
844
844
833
841
840
836
834
836
836
834
836
836
838
838
839
842
845
846
849
851
852
856
859
860
859
861
862
862
862
863
864
864
865
864
864
862
861
860
859
859
859
857
857
855
851
850
849
845
842
841
837
837
837
835
833
830
830
831
832
833
834
833
835
839
843
846
848
850
852
854
854
856
857
859
861
860
862
862
863
864
863
864
864
865
865
865
866
866
865
863
860
857
853
851
849
846
840
837
836
833
830
828
825
824
825
826
825
826
827
830
833
836
840
846
850
853
855
857
857
857
860
861
863
864
865
866
866
867
867
865
864
863
862
861
856
855
852
852
850
847
830
839
838
837
834
833
834
833
832
830
831
830
832
833
834
836
838
837
838
838
839
844
849
851
854
857
857
857
857
858
858
859
859
859
859
859
860
859
859
857
857
858
857
857
856
854
854
852
853
853
851
850
849
849
849
839
846
845
843
843
843
841
841
842
844
844
844
846
846
846
847
847
848
848
847
848
848
849
850
851
850
851
851
851
850
850
850
849
849
848
847
846
846
844
843
841
839
839
838
836
835
835
834
833
833
832
831
832
832
830
829
829
828
830
832
836
839
843
844
845
845
846
846
846
847
848
849
851
850
852
853
854
854
852
851
850
849
846
846
846
846
845
843
832
821
818
816
817
817
822
821
820
820
819
735
732
733
735
754
817
836
835
836
834
835
838
840
841
842
844
843
842
843
843
842
842
842
845
846
846
846
846
844
844
844
843
843
843
844
844
843
840
839
840
836
836
837
836
833
833
831
832
829
826
829
830
832
832
798
752
706
708
712
723
760
764
766
767
769
770
770
771
770
769
772
772
775
775
776
775
776
775
774
774
773
773
773
772
771
769
766
766
764
763
759
757
755
754
753
751
749
749
749
747
746
747
748
748
748
751
762
823
840
841
842
844
847
848
848
849
850
850
851
851
852
852
852
853
853
853
853
853
851
851
851
849
848
845
842
840
838
836
831
831
830
828
828
824
820
820
820
820
820
821
822
825
828
832
835
837
838
839
840
841
842
845
845
848
850
851
851
851
851
851
851
852
851
850
848
849
849
848
846
839
834
829
829
826
821
799
799
799
800
808
808
807
803
804
803
802
802
801
804
807
810
812
816
818
819
824
825
825
827
830
831
831
833
834
835
836
837
837
837
837
835
834
834
833
832
830
825
822
821
819
818
814
812
796
806
806
805
802
797
797
797
797
800
805
808
808
809
811
813
816
819
820
824
826
825
824
825
826
826
826
827
827
827
828
827
828
828
827
827
826
826
826
824
824
824
823
824
822
821
820
816
823
823
825
802
797
818
818
817
813
805
802
803
804
806
809
811
813
814
816
817
819
820
820
820
820
820
819
820
820
819
821
821
821
824
824
824
803
791
790
790
791
791
791
789
783
781
782
781
779
777
764
774
778
776
775
773
788
801
804
806
809
811
815
817
820
821
822
822
802
788
789
789
789
790
788
786
786
788
789
790
790
792
791
788
787
785
785
785
785
777
778
777
776
802
810
804
799
797
797
799
800
803
803
801
800
801
808
811
813
815
818
823
826
827
827
827
828
827
827
828
828
827
827
829
831
832
833
832
832
832
832
831
830
830
830
831
832
833
831
829
829
827
825
823
825
824
823
822
820
819
819
819
818
814
816
816
819
818
819
822
824
826
828
830
830
833
834
835
836
836
835
836
836
836
836
837
838
839
839
838
838
838
838
838
839
837
836
834
832
828
826
824
823
821
821
820
820
818
818
817
816
816
816
816
817
818
820
824
826
826
829
830
831
833
832
833
834
836
836
836
836
837
838
839
838
838
838
836
835
836
834
833
833
831
831
828
826
803
805
807
807
807
760
747
745
742
741
742
743
746
749
752
754
756
758
759
759
759
761
761
761
761
761
761
761
760
760
760
758
758
758
758
758
759
758
757
758
758
758
759
760
761
759
756
755
754
755
756
747
751
750
767
773
791
794
794
795
796
797
799
801
805
806
807
807
808
808
808
809
810
813
815
815
816
816
815
815
816
815
813
813
812
812
811
811
811
811
810
811
802
798
799
788
796
797
797
796
796
794
797
796
797
795
793
791
791
793
794
794
796
799
802
805
809
811
812
812
813
815
816
816
818
817
818
817
817
817
817
818
818
818
817
817
816
816
816
816
817
816
815
813
810
809
807
806
805
805
795
792
794
792
791
789
795
796
796
793
795
801
806
805
807
810
812
814
815
816
816
815
815
814
815
816
815
814
814
813
813
813
812
811
810
809
810
809
808
809
807
808
807
805
793
791
788
788
799
802
799
797
787
794
795
794
798
802
804
805
808
812
814
819
825
829
829
830
832
833
835
836
835
834
834
832
831
831
832
835
835
835
836
836
837
838
838
838
837
837
836
834
833
833
831
829
827
826
824
825
823
823
825
826
828
829
831
833
834
836
837
839
840
841
841
841
841
842
842
843
844
845
846
847
847
848
847
847
847
846
845
845
845
845
843
840
837
836
834
833
832
831
830
829
828
828
827
826
824
824
822
823
824
827
828
831
834
836
838
839
841
842
842
843
844
844
843
843
844
845
846
845
845
845
846
846
845
844
844
843
842
841
842
838
835
834
809
803
801
801
784
788
792
787
793
783
788
786
780
779
777
778
781
784
787
790
793
795
796
797
799
800
802
803
802
802
802
803
802
802
805
805
807
807
806
806
804
804
771
757
758
758
756
754
752
749
747
744
745
745
744
743
742
736
715
718
717
728
729
731
732
734
738
744
746
745
747
747
759
794
799
801
801
801
803
804
805
806
806
807
807
807
806
806
805
804
804
804
803
802
799
795
795
793
791
792
789
787
764
759
781
786
784
784
785
785
786
786
787
787
790
794
796
797
800
801
802
803
804
804
805
805
806
805
807
806
807
807
807
806
803
803
802
801
800
802
802
754
753
753
748
748
746
729
712
714
736
748
747
747
748
748
748
755
763
766
766
769
789
796
798
797
799
799
800
801
802
801
800
802
802
801
800
800
800
801
803
802
802
801
800
799
797
799
800
799
798
798
794
779
788
792
790
787
787
727
675
674
677
677
676
678
679
690
715
728
734
736
752
768
756
767
771
773
793
800
800
804
805
806
807
809
808
808
806
805
803
803
800
802
803
802
801
800
797
796
796
794
793
791
791
790
789
787
790
791
791
791
788
790
791
792
794
795
797
798
800
800
801
801
802
802
802
801
803
804
804
805
804
804
805
804
803
803
801
800
800
799
799
799
800
801
799
799
798
797
797
795
793
791
790
786
785
783
782
783
785
784
785
785
787
791
796
799
801
803
805
807
809
810
811
813
813
813
814
814
814
814
815
813
814
813
811
811
810
809
809
777
739
735
736
735
722
728
725
721
721
719
718
717
715
714
713
712
711
735
766
773
775
778
794
804
806
809
811
813
814
816
816
816
815
816
816
815
815
815
815
816
814
803
802
800
799
798
797
798
798
797
797
795
795
793
792
789
785
781
779
781
780
780
778
776
776
775
774
776
780
783
786
786
788
790
790
791
792
793
798
798
799
800
800
799
798
800
801
804
805
805
804
804
806
804
808
810
810
811
809
810
809
805
798
797
798
787
792
790
792
793
795
795
794
796
796
796
796
797
799
800
802
802
804
805
805
807
808
808
808
809
809
810
811
809
809
809
809
806
803
801
800
800
799
801
801
800
800
799
798
797
796
795
794
792
790
789
787
785
785
786
786
789
790
790
791
792
793
795
797
799
800
801
803
803
804
803
802
803
804
804
805
804
804
804
804
802
802
801
800
800
800
802
803
803
802
802
801
799
797
795
794
792
791
789
788
788
788
787
787
786
787
788
790
793
796
798
799
802
805
806
806
808
809
809
810
811
812
812
812
814
813
814
814
814
813
813
813
811
811
811
811
810
809
806
805
805
802
800
798
797
795
794
793
790
789
790
789
791
791
793
796
797
799
799
800
802
802
802
803
803
803
801
801
802
804
806
807
809
809
811
812
814
813
812
810
809
812
813
812
811
809
807
806
806
805
804
801
803
804
803
802
801
798
797
795
794
794
795
797
799
802
806
808
808
809
810
809
811
811
812
815
816
817
819
820
821
820
820
820
821
818
819
818
817
817
816
814
812
810
807
808
807
807
807
806
804
804
805
803
802
800
799
799
800
801
803
806
808
809
810
811
813
815
816
817
817
820
822
823
824
824
824
823
823
823
823
823
822
820
820
819
817
815
812
810
808
804
799
803
801
800
796
794
795
795
792
792
790
788
787
789
790
793
796
797
799
801
805
807
807
807
809
810
811
811
811
812
813
813
812
812
813
812
813
812
811
811
810
808
808
806
805
803
803
787
794
795
793
791
791
791
792
764
757
781
786
788
787
787
788
791
797
801
803
806
807
810
810
813
815
816
815
817
818
819
820
819
819
820
821
820
783
766
755
754
751
750
749
734
724
728
729
728
727
725
725
723
729
732
734
732
717
715
718
717
719
730
732
735
739
742
744
744
743
745
745
757
760
769
777
779
801
809
812
813
813
814
815
816
814
821
822
820
819
818
818
818
818
816
817
816
813
810
792
800
800
800
800
801
801
801
801
798
801
803
804
806
807
809
810
811
812
813
813
816
817
820
822
822
826
826
826
826
825
825
825
825
823
806
805
803
801
798
796
795
794
793
792
790
789
787
787
787
783
785
784
779
778
777
774
774
773
775
777
778
781
784
787
788
788
787
791
793
794
796
795
796
798
800
801
802
802
803
804
803
805
805
805
804
805
805
806
805
804
802
799
798
796
793
791
790
788
786
782
782
781
782
783
782
783
783
782
784
788
789
791
793
795
797
797
797
795
796
798
801
802
801
801
802
802
801
800
799
799
798
797
797
796
795
794
793
793
791
788
785
785
786
788
786
785
784
783
749
751
781
783
782
786
813
824
825
828
828
829
830
831
832
834
834
834
832
831
830
830
830
830
830
828
826
827
828
828
828
827
826
825
823
822
821
819
800
799
798
798
797
795
796
790
785
790
793
792
799
798
800
799
801
801
810
811
813
811
813
815
815
818
819
820
821
822
823
824
815
815
815
816
816
816
817
817
818
818
817
817
815
814
813
814
814
813
813
814
813
814
786
803
811
811
810
811
811
810
808
808
808
810
811
812
815
816
816
816
815
815
815
815
814
829
837
837
837
837
837
837
838
838
839
840
838
839
821
820
821
821
818
819
816
816
815
812
811
810
808
795
806
806
807
808
799
804
763
787
806
805
807
808
808
809
808
808
809
810
810
810
810
809
807
807
807
809
809
808
809
809
809
807
806
807
805
806
805
787
785
783
784
783
782
783
783
782
783
783
783
782
781
781
782
782
781
782
781
784
786
789
789
790
792
793
805
816
815
814
815
815
815
815
815
815
816
817
818
817
817
817
816
815
815
814
814
812
812
814
815
815
815
815
813
813
813
813
812
811
808
807
808
806
806
810
811
810
811
830
831
832
832
831
833
833
832
829
833
830
833
834
834
835
834
835
836
837
837
837
836
836
834
834
834
831
831
830
830
830
831
830
829
830
831
830
829
829
827
826
828
826
824
823
824
824
825
825
825
828
829
828
828
827
828
828
828
830
829
829
828
827
827
827
827
827
825
824
823
822
819
817
815
813
813
810
810
805
806
805
809
814
813
808
808
805
793
803
804
804
805
807
809
812
814
817
819
820
819
821
822
824
825
827
828
829
829
829
830
833
833
833
833
834
833
834
833
832
831
830
828
828
827
826
823
819
819
817
815
814
813
813
811
811
750
720
732
730
745
783
807
808
810
810
813
814
814
815
816
818
820
820
820
821
820
822
824
826
828
829
831
831
830
830
829
828
827
825
823
823
822
823
826
826
826
826
827
827
829
829
830
828
805
799
828
832
831
831
831
832
835
836
837
838
839
839
839
839
839
841
827
804
802
803
802
804
805
830
845
844
845
845
844
845
844
844
843
842
837
833
828
828
829
828
825
825
816
824
815
825
827
827
827
827
826
827
827
829
832
798
791
791
794
811
832
847
859
859
858
859
858
858
859
858
857
858
858
857
857
857
858
858
856
856
855
855
854
854
853
852
850
850
788
830
846
820
812
812
830
845
804
834
842
842
845
848
850
851
851
852
855
854
856
856
856
857
857
859
859
858
859
859
858
858
858
858
857
857
857
857
855
855
854
853
852
852
850
850
851
852
855
854
851
846
847
848
846
848
849
851
854
855
855
857
857
858
858
861
861
862
863
864
865
865
865
865
865
864
863
864
865
865
863
864
865
864
863
863
862
859
859
858
858
858
859
859
859
859
858
857
856
856
857
857
856
857
858
857
855
855
856
859
862
863
867
868
870
870
872
872
874
875
876
876
875
875
875
876
876
878
878
880
879
880
880
880
879
878
878
878
877
876
870
869
866
865
864
864
864
862
862
861
862
861
847
857
860
860
860
862
862
863
864
864
864
866
867
866
868
869
869
869
870
873
873
873
873
874
874
873
874
873
872
872
871
869
869
869
868
868
868
868
868
868
867
865
863
861
862
862
861
861
861
861
862
863
863
864
863
864
865
867
869
872
871
871
871
872
873
874
875
875
878
877
877
878
877
877
877
876
875
874
873
874
875
874
875
874
871
869
867
867
866
865
865
866
864
864
863
864
861
860
859
859
857
859
863
864
867
869
871
873
874
875
876
875
876
876
877
877
878
878
880
879
880
881
881
880
881
881
880
878
879
879
879
877
876
875
875
873
862
853
850
850
851
853
840
847
848
848
847
856
858
858
859
862
864
865
867
869
870
871
873
874
874
874
874
875
875
873
873
873
873
872
872
872
872
871
870
870
869
870
868
868
868
868
867
867
863
853
859
861
861
861
862
861
860
860
860
859
859
860
859
861
862
864
864
864
865
866
867
867
867
866
867
867
868
868
866
866
867
864
863
862
862
861
861
859
859
857
857
858
859
858
856
855
855
854
837
851
853
851
852
851
851
850
850
850
851
852
852
853
854
856
857
859
860
860
861
863
862
862
862
863
862
861
861
859
858
857
856
860
861
861
860
859
858
858
859
856
855
852
855
853
854
853
854
853
855
856
856
856
856
855
854
854
854
855
856
856
855
856
857
858
857
860
861
859
860
862
861
862
861
863
863
862
863
864
864
865
865
865
864
862
862
862
862
862
841
836
836
833
832
831
828
827
825
823
822
821
821
821
821
820
822
824
828
830
831
833
834
835
835
835
837
837
838
838
839
841
842
842
843
843
843
843
843
842
843
842
841
841
840
839
840
841
840
837
812
796
806
809
810
810
810
810
808
800
807
808
809
808
810
810
814
827
834
835
836
836
837
837
838
838
840
841
841
840
841
841
841
841
839
840
840
841
841
841
841
842
841
840
840
838
838
837
837
834
834
832
820
829
831
832
807
802
826
833
836
837
839
841
844
846
845
846
848
849
850
850
850
853
852
853
854
854
854
854
855
855
856
855
855
855
854
853
852
852
852
852
847
845
845
843
833
832
838
837
819
831
831
832
832
831
831
830
832
834
835
836
838
841
843
844
844
845
846
848
849
849
850
851
852
852
853
854
854
855
855
855
855
855
855
854
853
853
852
852
852
852
850
850
849
848
845
844
843
842
842
840
838
837
837
835
836
837
840
843
845
846
849
849
850
851
851
852
853
854
854
853
854
855
854
855
854
854
853
853
852
853
852
852
852
851
851
851
851
851
850
850
850
848
847
845
781
749
747
715
717
733
744
745
745
746
746
747
748
747
748
748
748
753
758
760
762
765
778
801
818
829
840
840
840
838
839
839
838
837
836
835
834
833
832
832
832
831
833
836
837
838
838
837
836
835
833
830
831
830
830
830
831
831
833
835
838
839
840
841
842
844
843
844
845
846
848
849
849
847
847
846
846
846
846
847
844
844
845
845
845
843
842
839
840
841
839
838
830
826
820
834
834
834
832
830
828
827
824
825
826
826
827
830
833
834
835
836
836
836
836
836
837
838
839
840
840
841
841
840
839
840
840
843
844
844
842
842
843
843
843
842
842
842
842
840
837
836
832
831
829
828
816
816
823
827
827
827
827
828
830
832
832
836
837
836
837
837
838
839
838
839
840
839
839
839
839
837
836
836
837
839
838
837
837
836
836
838
836
835
834
833
831
829
828
826
825
814
822
822
822
821
821
821
820
820
819
819
821
824
826
828
829
831
832
834
834
836
837
838
839
840
841
841
842
843
843
843
843
843
845
845
845
845
820
744
735
734
735
733
732
732
727
713
721
719
722
720
718
719
717
716
718
718
719
720
721
724
727
728
727
726
726
726
727
728
759
821
839
840
840
840
838
838
838
838
839
839
841
841
842
841
841
840
839
839
839
838
834
835
833
832
830
816
823
800
724
702
689
753
796
827
825
827
840
841
839
847
847
846
860
861
859
860
859
860
859
858
859
860
858
856
857
858
857
857
857
857
857
857
859
860
862
861
860
860
860
860
860
860
859
859
859
858
858
857
856
857
857
857
856
857
859
859
859
861
863
864
866
865
865
866
866
866
865
865
866
867
868
868
868
868
866
866
864
865
866
865
864
864
862
862
858
857
856
856
855
853
853
852
852
851
851
850
850
849
848
848
848
846
846
846
848
849
851
853
854
854
855
855
853
853
853
854
854
853
854
854
854
855
855
855
855
854
854
854
853
851
853
853
835
825
825
824
822
819
817
801
803
802
800
809
809
810
809
809
810
811
813
837
858
859
864
866
867
867
870
870
871
872
872
872
871
872
872
871
871
870
870
870
870
870
871
870
870
869
869
869
868
868
868
867
864
863
849
859
849
857
860
861
860
857
856
857
858
859
862
862
863
864
864
864
866
866
867
865
864
863
861
860
861
861
862
862
863
862
862
863
862
861
859
859
858
857
856
856
856
856
855
857
857
855
853
853
851
850
848
848
824
817
845
850
852
854
856
855
853
854
854
855
856
856
856
858
858
861
861
861
863
863
863
864
864
865
865
864
864
865
865
864
864
864
864
863
863
863
863
864
856
859
859
858
856
857
857
858
861
864
864
868
868
868
870
876
876
878
878
879
879
880
881
881
882
882
882
881
880
879
881
881
880
880
880
881
880
880
880
880
880
879
878
879
877
876
876
875
864
861
869
859
857
858
868
866
866
866
858
848
849
851
853
854
854
857
858
858
859
861
862
863
863
864
864
865
864
865
865
865
866
866
865
864
864
863
864
863
861
862
862
861
859
858
858
857
855
854
854
861
866
866
865
865
865
867
865
864
864
864
865
866
867
869
870
869
870
870
870
871
871
872
872
872
872
871
869
871
872
873
873
874
873
873
874
875
875
875
876
875
876
876
875
875
873
872
871
870
869
862
868
867
865
864
863
864
863
864
866
867
868
867
866
866
865
865
866
866
866
865
865
866
866
866
867
866
863
863
862
862
862
862
863
863
863
862
862
861
862
864
864
864
864
862
861
859
860
834
821
821
847
859
859
860
860
860
862
863
864
865
867
869
870
871
872
873
873
873
873
873
873
874
874
876
876
875
875
875
875
874
873
874
873
872
871
869
869
868
868
867
867
854
863
864
863
861
858
857
857
856
854
853
854
857
859
858
858
858
857
856
856
858
856
856
856
856
854
853
854
854
853
854
859
862
863
864
865
867
867
868
868
867
867
866
860
858
857
857
842
839
839
823
840
845
845
844
847
855
856
854
854
868
872
874
875
877
878
879
878
877
877
878
879
879
879
878
878
879
878
877
877
877
877
876
878
879
879
879
880
880
879
879
879
879
878
879
878
876
864
860
863
861
858
864
860
858
860
860
852
860
866
867
869
871
870
869
869
869
870
869
869
871
871
871
869
868
866
867
866
866
864
864
864
865
864
864
870
870
871
872
871
870
867
866
866
866
869
861
867
867
864
865
864
866
870
872
872
872
873
874
876
876
876
876
877
876
877
878
879
879
879
880
880
880
879
878
879
878
877
876
877
879
878
878
879
879
878
878
878
878
877
876
875
873
870
870
870
871
870
869
870
870
870
870
869
870
871
872
873
874
874
876
877
877
877
877
877
877
877
877
877
877
877
876
876
875
875
874
874
874
874
873
875
874
873
872
871
871
871
871
870
868
867
867
867
867
867
867
867
867
868
869
868
868
869
870
870
871
872
870
871
872
873
875
875
875
877
878
878
877
877
877
877
876
876
876
877
876
877
878
879
878
877
879
879
879
878
879
878
875
873
873
873
869
863
871
872
872
872
871
872
871
872
872
874
875
877
878
878
879
879
879
879
877
878
880
878
878
879
878
879
878
879
879
878
877
877
877
878
879
863
857
858
858
858
858
856
859
849
824
757
749
741
750
755
754
798
845
863
863
870
871
872
873
874
874
876
877
877
878
877
878
880
882
882
882
883
884
884
884
884
884
884
883
884
884
884
869
860
859
860
862
862
863
861
858
854
837
851
852
852
852
852
850
850
850
849
849
851
854
856
858
859
861
863
864
864
864
865
865
865
866
867
867
867
866
867
868
868
867
887
889
889
889
888
888
887
887
888
889
889
889
887
885
882
870
880
880
880
879
878
877
878
876
877
875
875
876
879
880
880
882
882
883
883
883
885
885
884
885
885
886
886
886
887
887
887
888
889
889
890
890
891
891
890
890
890
890
890
889
881
877
851
856
852
859
857
856
829
824
852
855
855
855
868
874
874
875
876
877
877
877
877
877
878
877
877
878
877
878
877
878
879
878
879
878
878
879
879
879
879
879
880
880
880
879
880
880
879
877
875
873
870
869
868
868
867
867
867
867
868
869
870
871
870
872
874
874
874
875
875
874
874
875
875
875
874
874
874
875
875
875
875
875
874
874
875
874
874
875
874
874
874
874
874
872
872
872
871
870
869
869
867
868
867
866
865
864
865
866
866
866
865
866
867
868
866
865
864
865
866
868
867
866
867
867
867
868
869
867
866
866
866
865
864
865
866
866
866
866
867
867
866
866
866
864
863
863
863
862
862
860
859
859
858
861
861
861
860
862
862
860
861
862
862
863
863
864
865
865
864
864
864
864
864
865
865
864
865
864
862
861
862
862
862
861
861
860
861
861
863
864
863
861
861
862
862
861
862
862
862
862
863
865
848
862
866
868
870
871
872
874
875
874
874
875
877
879
880
881
803
774
775
774
771
771
771
771
772
765
731
732
733
734
734
735
735
735
735
735
733
720
727
726
738
762
772
764
774
776
777
778
779
780
779
779
778
778
776
777
777
779
781
781
782
781
783
784
784
784
783
782
783
782
782
782
782
783
784
785
783
783
783
783
783
783
783
782
781
778
762
759
766
759
758
768
768
768
768
768
768
769
770
772
775
777
779
780
780
780
781
780
780
777
776
774
774
774
774
774
774
774
774
773
774
775
776
776
776
777
776
776
776
775
775
774
771
770
769
768
768
767
760
757
758
758
759
759
759
768
770
773
775
777
778
779
780
780
781
782
783
785
785
786
785
786
787
787
788
788
788
789
789
789
789
789
788
788
788
788
788
787
750
722
723
721
721
720
718
721
721
722
724
723
724
724
723
723
725
725
726
728
726
726
746
774
780
781
781
782
783
822
876
893
893
893
892
891
890
890
890
890
890
890
890
890
890
891
891
892
892
893
892
891
890
889
888
886
884
882
883
883
883
883
884
883
883
883
884
885
886
886
886
886
888
889
891
892
891
891
890
890
890
889
890
891
890
891
892
891
891
890
890
888
887
886
884
881
879
877
875
874
873
872
853
845
868
867
866
865
865
864
863
863
864
864
864
864
865
864
864
864
862
862
862
861
860
860
859
859
858
859
860
860
857
857
857
857
858
858
861
850
847
845
844
842
842
842
840
840
830
838
840
840
838
837
837
842
845
845
845
846
847
849
849
849
849
850
851
850
852
852
852
852
851
850
850
850
851
851
850
851
850
851
851
851
851
851
850
850
850
850
849
839
838
846
839
836
844
847
848
848
848
847
826
818
843
850
851
852
861
863
864
864
864
864
865
863
864
864
866
867
869
868
869
869
869
869
869
869
869
871
871
871
869
870
871
872
872
872
871
871
870
870
868
867
865
865
865
865
865
865
865
865
866
864
865
866
868
869
870
872
871
872
873
874
876
876
876
876
876
877
877
877
878
877
877
876
876
876
876
877
878
879
879
879
880
879
878
879
877
873
873
871
865
863
859
861
865
865
864
865
865
866
864
866
867
869
869
874
875
875
874
874
875
874
874
874
875
876
876
876
876
875
876
876
877
876
876
876
876
877
875
878
878
878
880
880
880
879
876
874
872
871
870
869
868
869
868
868
867
868
869
869
870
870
871
873
874
874
873
874
875
875
876
877
874
872
873
875
873
871
872
873
873
873
874
874
876
876
877
877
875
876
878
877
876
875
875
873
873
871
869
869
869
869
870
870
869
869
870
872
873
874
876
876
877
878
878
879
879
880
881
882
882
883
883
884
884
882
881
879
879
881
880
880
880
881
881
881
870
870
868
867
867
868
866
836
810
807
810
809
821
821
819
817
813
813
816
822
823
842
855
858
861
864
867
866
866
867
868
868
870
870
871
872
872
873
872
874
875
875
875
876
875
875
875
875
876
877
877
878
881
882
881
881
881
870
775
756
769
768
706
707
707
685
671
680
733
824
842
845
850
851
850
849
848
850
849
849
850
850
851
851
850
851
851
852
852
851
851
852
852
853
853
854
854
853
853
853
852
851
842
842
841
840
825
744
700
699
699
699
699
693
679
682
687
733
791
811
813
812
813
813
813
814
812
814
814
815
815
816
814
815
815
815
815
814
815
814
814
814
815
795
781
782
781
781
781
768
719
677
602
601
600
600
603
606
605
605
608
608
609
607
609
608
609
639
659
684
736
741
740
741
742
675
631
633
634
634
636
637
637
637
638
670
712
718
719
719
719
719
720
720
720
721
721
721
707
703
711
712
710
709
708
707
707
706
708
709
709
710
711
714
715
748
780
808
830
815
786
783
781
780
782
783
784
785
786
786
786
787
787
787
787
788
787
787
787
787
787
787
786
786
785
784
783
782
780
779
778
777
776
775
780
783
781
779
779
780
782
783
783
784
784
785
785
786
785
786
792
795
795
795
796
796
804
805
805
806
813
815
816
817
818
817
817
820
824
824
823
823
822
822
820
819
818
816
816
814
813
811
811
810
809
809
810
810
812
811
812
812
811
811
812
813
813
813
814
813
813
815
815
814
813
813
813
814
814
815
815
815
814
814
817
816
816
815
816
815
814
814
814
816
816
814
801
810
813
815
815
815
815
815
817
819
819
819
820
822
822
823
824
823
824
823
824
824
824
826
825
824
826
826
826
826
826
825
826
826
826
827
827
825
824
824
823
824
826
824
823
821
819
818
819
819
819
820
820
820
822
821
820
819
819
819
820
822
821
822
823
822
823
823
823
823
822
822
822
822
824
825
826
827
827
828
828
828
829
827
827
829
828
827
827
827
826
824
823
822
822
819
818
819
819
818
817
817
809
815
807
816
819
820
822
822
823
823
824
825
827
828
828
828
827
828
829
831
831
830
831
831
831
831
831
831
831
832
833
833
833
832
832
832
831
832
831
830
825
823
822
819
822
820
793
784
809
814
799
814
818
820
821
821
820
822
822
822
821
822
821
820
820
822
822
822
822
823
824
826
826
827
827
828
829
829
829
829
828
828
827
817
813
814
812
811
808
806
806
804
803
803
802
800
800
800
800
800
811
814
817
819
820
821
821
822
822
822
822
824
825
826
826
827
827
827
827
828
828
828
828
829
829
829
829
829
829
829
830
830
829
828
827
827
824
824
824
824
823
822
822
822
821
820
821
821
820
821
823
824
824
832
836
837
837
836
837
838
837
837
838
839
838
838
839
838
838
838
839
838
838
838
837
835
836
836
837
836
836
835
834
832
832
831
830
829
829
828
827
827
828
826
826
825
826
827
826
827
827
826
824
826
827
827
825
824
825
826
825
825
826
827
827
827
827
827
826
826
827
827
827
827
827
827
823
820
818
817
817
816
815
812
812
810
809
811
811
810
811
812
812
814
814
816
817
818
820
819
820
821
821
821
823
824
825
825
825
826
826
827
828
828
828
828
828
828
827
827
828
827
828
827
827
827
828
827
826
822
820
819
817
816
816
816
805
803
800
823
827
828
828
828
828
831
833
835
834
836
837
837
836
837
838
839
839
840
841
841
841
841
841
840
842
843
842
842
842
842
842
841
841
841
841
840
838
811
808
807
806
805
805
804
804
801
799
800
799
798
799
801
802
804
806
807
807
807
808
807
807
808
808
809
810
811
812
811
811
811
812
813
813
813
812
812
813
812
812
810
810
809
810
809
807
807
806
806
805
794
800
806
811
810
809
810
810
819
825
827
828
831
832
833
835
834
834
835
835
836
836
837
837
838
837
838
836
837
838
837
837
838
838
839
839
839
839
838
838
839
838
838
836
835
834
833
832
830
833
831
830
830
811
828
830
830
830
831
832
833
833
834
835
836
836
837
837
837
838
838
839
839
839
839
839
839
838
838
838
839
838
838
838
836
836
836
835
835
836
836
835
835
832
832
831
830
828
828
828
828
826
825
825
825
825
825
825
824
823
823
822
820
819
818
816
815
819
840
845
845
845
844
844
845
845
846
845
846
860
861
862
862
862
863
862
862
862
859
858
856
859
859
857
856
855
855
854
852
853
854
853
853
853
854
851
849
848
848
847
846
847
849
847
847
849
857
859
860
861
861
860
860
861
862
864
865
862
861
859
857
857
858
857
858
857
858
858
858
859
859
845
853
856
857
857
856
854
856
858
859
859
859
861
861
862
862
863
864
864
866
866
868
868
868
869
869
869
869
870
870
871
873
875
875
875
874
874
874
875
874
874
874
873
871
873
873
839
852
876
875
870
870
868
867
866
865
866
867
868
869
836
866
870
870
870
869
869
871
871
874
876
876
876
877
877
877
876
876
877
878
878
878
878
879
877
877
877
876
875
877
878
876
873
873
855
867
869
869
868
866
841
836
859
864
864
864
866
869
871
872
872
871
872
873
872
873
874
875
875
875
876
875
874
875
875
876
876
875
875
875
874
873
875
876
876
876
874
864
862
861
859
858
856
855
854
853
852
853
835
819
820
840
852
855
855
856
858
858
860
861
860
861
860
862
863
863
864
865
866
866
866
866
866
866
867
866
866
866
867
868
869
868
869
869
869
868
868
867
865
865
864
861
860
861
859
865
869
869
869
867
868
869
868
869
868
870
871
871
871
871
872
873
872
872
871
871
871
871
871
871
872
872
873
872
872
872
873
873
875
877
877
876
876
876
876
875
874
873
871
869
866
864
861
861
862
861
861
861
861
862
861
862
864
865
866
867
868
867
868
867
868
867
868
869
870
869
869
871
871
871
872
872
872
872
872
873
873
872
872
872
871
869
867
868
867
865
865
865
864
865
864
864
864
863
865
866
866
864
864
865
865
864
863
862
860
861
862
864
864
865
866
868
868
867
868
867
868
870
871
872
872
871
870
869
868
869
869
868
867
859
857
861
861
862
840
831
840
843
844
844
844
828
846
848
848
855
857
858
870
874
874
874
875
875
877
878
880
880
880
881
882
882
883
882
883
882
882
883
885
885
884
884
885
885
885
885
884
883
882
881
878
874
866
857
863
864
867
867
867
867
866
867
867
868
868
869
870
870
872
873
874
876
877
877
877
876
878
878
877
877
877
877
877
878
879
881
879
879
880
880
880
880
880
875
874
875
864
860
860
860
859
859
856
855
855
854
853
854
858
867
868
871
871
872
875
875
876
877
877
878
880
881
882
882
882
882
884
885
884
885
885
886
887
887
887
887
887
887
887
887
886
886
886
885
885
884
884
884
876
860
848
866
873
876
875
875
874
874
874
872
871
871
872
872
873
874
873
872
874
875
877
878
879
881
882
884
884
884
884
884
885
885
885
886
886
886
887
887
887
887
886
886
886
885
886
884
883
881
869
851
828
828
846
865
872
873
874
877
879
879
880
880
881
882
884
885
886
887
887
887
888
887
888
889
889
889
889
889
889
889
887
888
888
887
887
887
887
886
886
886
886
885
885
885
884
882
880
879
878
877
878
877
875
873
874
874
874
875
876
877
878
878
879
879
879
879
879
880
879
880
880
879
877
875
874
871
869
869
869
867
868
869
869
869
870
873
875
875
876
877
878
876
875
875
875
874
874
872
871
872
872
876
876
876
877
879
879
879
880
880
880
881
881
883
883
883
885
886
885
885
886
886
885
886
886
886
885
886
885
885
886
887
885
886
886
885
883
884
881
881
881
880
880
880
880
879
877
878
876
872
873
873
874
876
877
880
883
883
884
884
884
884
884
885
885
885
885
882
880
878
880
880
880
880
881
880
881
882
881
881
881
880
877
876
876
871
873
876
879
883
880
871
877
876
876
876
875
874
874
876
878
880
881
883
883
883
888
889
889
889
890
889
890
891
891
891
891
892
891
890
891
891
891
891
893
892
892
892
892
890
889
877
876
876
874
874
873
870
869
868
867
867
840
822
871
875
875
875
876
877
878
878
880
880
880
882
883
883
883
883
883
883
882
881
882
883
883
883
882
882
883
883
882
882
882
882
881
880
880
879
879
877
873
873
871
869
855
868
867
866
866
867
867
869
872
872
873
873
875
876
876
877
878
878
878
879
880
882
883
883
885
885
885
886
885
884
884
885
887
886
885
885
887
887
886
886
886
885
884
884
884
882
881
881
880
878
877
877
876
876
877
874
874
874
878
879
880
879
880
882
883
883
884
884
883
883
883
883
883
884
884
885
884
883
883
882
882
882
882
882
881
882
882
881
880
880
879
878
876
877
877
877
875
874
874
874
873
874
873
872
872
873
873
875
875
876
877
877
879
879
879
879
881
882
882
883
883
883
883
884
883
883
883
882
882
883
883
882
883
882
880
879
879
878
877
877
877
876
874
873
873
872
870
869
869
871
872
873
872
871
871
874
874
876
876
877
877
877
876
878
879
879
879
881
881
880
875
876
876
877
877
876
877
877
877
880
880
879
879
879
879
879
880
880
879
877
877
877
876
877
876
872
860
867
870
870
869
869
870
871
873
874
877
878
878
878
878
879
879
880
881
882
882
883
884
883
882
883
883
883
883
884
883
883
883
884
883
881
874
872
873
873
872
870
851
865
867
866
859
857
858
862
864
861
862
861
862
863
863
864
864
864
865
864
865
865
867
867
867
868
867
867